0 0.0352622061482821 0.27757685352622063 0.048824593128390596 0.06690777576853528
0 0.050632911392405056 0.3725135623869801 0.09764918625678119 0.06148282097649187
0 0.16184448462929477 0.20795660036166363 0.056057866184448475 0.06871609403254972
0 0.24412296564195302 0.1826401446654611 0.08679927667269442 0.07594936708860757
0 0.11030741410488246 0.5913200723327305 0.11573236889692584 0.0976491862567812
0 0.267631103074141 0.28390596745027125 0.09041591320072331 0.0578661844484629
0 0.33725135623869806 0.3309222423146474 0.0922242314647378 0.07233273056057868
0 0.25949367088607594 0.445750452079566 0.08860759493670887 0.07775768535262202
0 0.3444846292947558 0.4132007233273056 0.10669077757685351 0.08499095840867994
0 0.3634719710669077 0.4936708860759494 0.07233273056057861 0.05786618444846283
0 0.28661844484629295 0.7377938517179023 0.0886075949367089 0.07594936708860757
0 0.15370705244122967 0.7748643761301989 0.09403254972875226 0.05605786618444853
0 0.11211573236889691 0.7875226039783001 0.0687160940325497 0.05967450271247742
0 0.37772443114444876 0.9358047016274864 0.0972206708966716 0.1283905967450272
0 0.4475587703435805 0.5325497287522605 0.07414104882459306 0.08499095840868001
0 0.5 0.43670886075949367 0.07775768535262202 0.0922242314647378
0 0.46745027124773963 0.20705244122965638 0.10307414104882455 0.06329113924050635
0 0.48372513562386976 0.7106690777576853 0.08137432188065105 0.07594936708860772
0 0.5605786618444847 0.6898734177215189 0.09041591320072329 0.09222423146473772
0 0.5985533453887883 0.6112115732368897 0.11934900542495477 0.06509945750452076
0 0.6528028933092225 0.4312839059674502 0.09764918625678107 0.0922242314647378
0 0.6573236889692586 0.26220614828209765 0.07414104882459313 0.0867992766726944
0 0.6971066907775768 0.8417721518987342 0.0958408679927669 0.10669077757685358
0 0.7839059674502713 0.9104882459312839 0.08499095840867994 0.0886075949367087
0 0.7965641952983725 0.46745027124773963 0.1030741410488244 0.08499095840867994
0 0.891500904159132 0.3969258589511754 0.1012658227848101 0.08860759493670883
0 0.9593128390596746 0.4321880650994575 0.07414104882459313 0.10488245931283899
0 0.8227848101265823 0.1853526220614828 0.11211573236889691 0.08860759493670887
0 0.9240506329113924 0.24954792043399635 0.1157323688969258 0.08679927667269435
0 0.8240000000000001 0.563 0.06399999999999992 0.045999999999999944
0 0.34 0.623 0.06 0.054000000000000055
0 0.349 0.5589999999999999 0.05 0.03399999999999991
0 0.04699999999999999 0.526 0.05399999999999999 0.04400000000000006
0 0.02 0.696 0.032 0.06799999999999998
