0 0.2169811320754717 0.24582131156340956 0.11635220125786166 0.2044511945791227
0 0.09669811320754718 0.7849525972950764 0.09276729559748427 0.19228148061607966
0 0.3679245283018868 0.820238721109099 0.11320754716981131 0.18011176665303652
0 0.1831761006289308 0.4368927312732442 0.07704402515723272 0.19228148061607966
0 0.2720125786163522 0.44176061685846135 0.08176100628930814 0.18254570944564527
0 0.12421383647798741 0.5987499269817161 0.10377358490566038 0.17037599548260218
0 0.22562893081761004 0.6255232977004108 0.08333333333333331 0.15577233872695068
0 0.3160377358490566 0.6230893549078023 0.09119496855345907 0.15090445314173345
0 0.18238993710691823 0.7788616936347529 0.06289308176100629 0.1606402243121677
0 0.26257861635220126 0.7958975655604982 0.07861635220125784 0.15577233872695045
