0 0.08328955125378608 0.4247284245149017 0.045247304672652075 0.05751776017710014
0 0.27539887024530035 0.2889865104969455 0.04141278732751211 0.05445014630098804
0 0.2343695346523023 0.3139108732403556 0.049848725486820095 0.056750856708072096
0 0.3229469585758804 0.3196626492580654 0.044480547705312096 0.055983953239043975
0 0.3708783521392865 0.3146777767093836 0.04984872548682006 0.05521704977001608
0 0.46980889964389866 0.29435483478014157 0.04831491854876404 0.06518679486738012
0 0.4038550947608084 0.3737293656628715 0.04831491854876404 0.052149435893904084
0 0.3382850479339433 0.39328540412308544 0.05214943589390415 0.05445014630098811
0 0.22900103723074786 0.4044055408212111 0.05598395323904409 0.05061562895584806
0 0.23398620278280574 0.3652934784596708 0.07362273302668815 0.04141278732751211
0 0.11549949695296213 0.4596225323556758 0.03604446304431603 0.05521704977001605
0 0.18106974355485622 0.5363128792584759 0.04908182201779205 0.058284663646127936
0 0.21903138536173067 0.5409141544837653 0.0375782699823721 0.05521704977001605
0 0.21673075486465831 0.4573218437869236 0.05445014630098804 0.05828470732279184
0 0.2562261636545829 0.4810958149295719 0.04601420814168005 0.04754801507973603
0 0.3210296266524664 0.4699757291875538 0.04524730467265204 0.048314918548764185
0 0.29725561911259846 0.5002684162141599 0.04678111161070806 0.04908182201779198
0 0.31834526473583935 0.42741255025928 0.04294659426556812 0.052149435893904084
0 0.4514032163872267 0.3982702548334357 0.04217969079654012 0.061352277522240116
0 0.42226088456416266 0.4669081153114418 0.026841621415980014 0.03451065610626003
0 0.3935020444306184 0.4887649151348475 0.03374375263723209 0.032209945699176006
0 0.37931429029859454 0.5186740994708319 0.03297684916820401 0.030676138761119916
0 0.34902156331698253 0.5098548333275567 0.046014208141680016 0.04064588385848403
0 0.3237137887940645 0.540914300072644 0.05214943589390405 0.0214732971327841
0 0.2730981598382164 0.5493502382319518 0.04141278732751211 0.030676138761120127
0 0.26312841474085236 0.5972817050462019 0.04294659426556798 0.04217969079654004
0 0.2918872948294024 0.579642925258558 0.03757826998237203 0.04831491854876411
0 0.3220698345504714 0.5870386425749614 0.04448040120362407 0.04908182201779205
0 0.43529824353763863 0.5915299290284919 0.05445014630098811 0.053683242831960104
0 0.42571195017478863 0.4979677058070759 0.04141278732751204 0.030676138761120127
0 0.45945568949368537 0.4968172923679825 0.03987898038945616 0.04831491854876397
0 0.4433507299624327 0.5305611032407659 0.04294659426556812 0.045247304672652075
0 0.4813125848626713 0.5282605384225605 0.04371349773459606 0.04831491854876397
0 0.4613729614845907 0.4561714667450498 0.05138253242487614 0.04831491854876397
0 0.5004059779433652 0.43853268695740333 0.04202156987323777 0.05445014630098788
0 0.5251471525782704 0.40182906721243755 0.04373251187019171 0.050704361588628115
0 0.6031051415414521 0.40689955149985507 0.05640860226734865 0.05450718870777529
0 0.5644427576372408 0.4243292359566398 0.05387338418791742 0.04246490283047613
0 0.5324359045566357 0.46362500789857813 0.04563392542976544 0.047535338989338954
0 0.5977176490262192 0.45253332652788636 0.048169143509196745 0.048169143509196745
0 0.5758515141668984 0.47915321863509547 0.04246490283047613 0.04436631639004958
0 0.5923304316832027 0.5140124672272773 0.05514099322763322 0.05197197062834391
0 0.5026470646060945 0.5545760106428018 0.044366591562266876 0.04436631639004946
0 0.6363798458133234 0.5390477457616625 0.04309870735033385 0.04500012090990758
0 0.6385981616328258 0.5891183028304329 0.048802948029054605 0.04246490283047613
0 0.6227530486363796 0.6299986943612642 0.05894382034678017 0.04436631639004972
0 0.6306757482241551 0.6724636693845725 0.06464806102550093 0.04436631639004972
0 0.5824313656156297 0.6912152981034723 0.058159823807369976 0.057785146458915054
0 0.5558866717913762 0.6287310853215486 0.062112842946069474 0.048169143509196814
0 0.5504993333725844 0.6002098819279452 0.04246490283047599 0.04309870735033407
0 0.5080344305421084 0.609716949725813 0.047535338989338954 0.049436752548912326
0 0.47190757291021074 0.6135197768449602 0.03359163955246622 0.038028271191471175
0 0.49187241528573317 0.6632734316538014 0.05704240678720666 0.05133816610848598
0 0.45574555765383556 0.6711959881520246 0.03549305311203966 0.039295880231186825
0 0.1385829360512906 0.6528549353410491 0.05589347361499259 0.06740095347690271
0 0.10734834785467708 0.6766918579121488 0.05918132500410982 0.04602991944764099
0 0.2405068429965443 0.6610728863693788 0.05589295973237243 0.04767357987191291
0 0.23064391690795052 0.6997061466581838 0.05589347361499259 0.04602991944764085
0 0.22571054107834548 0.7991647122601292 0.07562058194969595 0.05424954792043394
0 0.24543810619759995 0.7580661797927999 0.06575702778234425 0.06082525069866833
0 0.29722165138005824 0.7021727841984802 0.04109814236396517 0.04109814236396502
0 0.2980437284234754 0.8172475047969097 0.06575702778234419 0.05096169653131682
0 0.3991451586388297 0.8213573190333062 0.05096169653131675 0.06904487917146156
0 0.43613348676639824 0.8271110589642615 0.06246917639322703 0.0542495479204338
0 0.44353115239191204 0.7843689909057376 0.05753739930955121 0.06411310208778559
0 0.48051948051948057 0.7753273995856653 0.05918132500410977 0.05918132500410977
0 0.5281933256616802 0.7942325450730893 0.07233273056057868 0.04438599375308229
0 0.5561399482730386 0.7621760876540038 0.055893473614992646 0.0558934736149925
0 0.47312181489396693 0.7153241117342762 0.07726450764425451 0.057537399309551346
0 0.4065429384604813 0.7375171398190864 0.055893473614992646 0.059181325004109754
0 0.38024001315140565 0.6865554120795005 0.062469176393227105 0.04602991944764099
0 0.326812428078251 0.7391610343053759 0.06082525069866843 0.04602991944764099
0 0.33585393375122 0.63805966650656 0.06575702778234425 0.04438599375308243
