0 0.27849335365827393 0.5466401620205151 0.06204586935457801 0.09306880403186689
0 0.33630882282958524 0.5503417621808735 0.06627626953784471 0.08989600389441683
0 0.4015274923216133 0.5513993622266902 0.06839146962947808 0.07932000343625027
0 0.4600480281901356 0.5709649630742986 0.0627509360517891 0.08672320375696692
0 0.5312597646084581 0.5714937630972069 0.06980160302390019 0.09201120398605035
0 0.24747041898098496 0.6185569651360487 0.05781546917131131 0.0972992042151337
0 0.5576997657538749 0.6539865666709072 0.06204586935457811 0.09201120398605042
0 0.4931861629590572 0.6497561664876398 0.06557120284063316 0.08355040361951739
0 0.3081061549411402 0.6307193656629405 0.05781546917131125 0.10047200435258385
0 0.3666266908096631 0.6349497658462071 0.06486613614342246 0.09624160416931687
0 0.43114029360448014 0.6418241661440155 0.061340802657366925 0.0909536039402336
0 0.22737601811046823 0.7033412327860691 0.05005973550198906 0.1032922765206601
0 0.28025602040130176 0.7052801688930157 0.05852053586852243 0.09095360394023373
0 0.33560375613237414 0.7174425694199073 0.06768640293226692 0.10258720444421683
0 0.39694455878974094 0.7227305696489907 0.07332693650995586 0.1004720043525836
0 0.4611056282359523 0.7264321698093491 0.06768640293226688 0.10364480449003366
0 0.5227989642419234 0.7364793702446063 0.0641610694462105 0.10047200435258496
0 0.5943632340088522 0.7380657703133322 0.07473706990437709 0.10152960439840061
0 0.48366776254670796 0.7872441724438076 0.00987093376095558 0.0010576000458168266
