0 0.08137432188065098 0.6989150090415913 0.1229656419529837 0.15370705244122967
0 0.1311030741410488 0.5605786618444847 0.16455696202531644 0.1880650994575045
0 0.20343580470162748 0.39963833634719714 0.13924050632911394 0.14828209764918626
0 0.34810126582278483 0.32640144665461124 0.13924050632911394 0.17540687160940327
0 0.3155515370705244 0.43490054249547927 0.11754068716094036 0.10307414104882462
0 0.22332730560578662 0.6962025316455697 0.11030741410488247 0.1446654611211575
0 0.29927667269439423 0.7197106690777576 0.11392405063291143 0.14104882459312848
0 0.3300180831826401 0.5641952983725136 0.11030741410488243 0.14828209764918632
0 0.4258589511754069 0.6636528028933093 0.15370705244122967 0.1627486437613021
0 0.4873417721518987 0.759493670886076 0.17902350813743217 0.16274864376130196
0 0.5678119349005425 0.5596745027124773 0.14466546112115736 0.17902350813743212
0 0.5904159132007234 0.403254972875226 0.15009041591320071 0.1772151898734177
0 0.442133815551537 0.4990958408679927 0.13200723327305602 0.1735985533453887
