0 0.045911835064305496 0.47039494171148083 0.06733735809431474 0.09794524813718496
0 0.09733309033632764 0.5219450723099992 0.09916956373889986 0.061860156718222044
0 0.1524272924134942 0.5522307740366288 0.0771318829080332 0.06314890998318518
0 0.19405402287179785 0.5876714888231104 0.07713188290803323 0.05412763712844438
0 0.11508566656119243 0.578005839335888 0.0636644112891703 0.05541639039340743
0 0.05876714888231103 0.5638295534212955 0.06366441128917028 0.0605714034532592
0 0.025710627636011073 0.6823948537978879 0.05142125527202215 0.0786139491627405
0 0.10161819494232947 0.7017261527723323 0.08080482971317768 0.06572641651311102
0 0.13834766299377388 0.6353553596267398 0.061215780085740655 0.05670514365837036
0 0.1909932338675108 0.6804617239004435 0.05876714888231099 0.059282650188296204
0 0.20262423208380156 0.6334222297292955 0.07958051411146286 0.0631489099831851
0 0.20690933668980344 0.7616531795931101 0.07101030489945917 0.06443766324814788
0 0.2522090139532515 0.7784069720376284 0.046523992865162886 0.06443766324814817
0 0.13589903179034427 0.7751850888752212 0.0759075673063184 0.06057140345325905
0 0.05080909747116474 0.7539206600033321 0.06488872689088508 0.05670514365837036
0 0.025098469835153667 0.8273070624949631 0.04529967726344807 0.0799027024277035
0 0.9471088301287739 0.16556267526372406 0.07818694676616005 0.06777815818738339
0 0.8790401941205875 0.24931711359527634 0.08002663963124633 0.06100034236864502
0 0.854204340441925 0.30886506685990606 0.08186633249633246 0.07358771460344482
0 0.9287119014779128 0.2948253055210909 0.07082817530581564 0.06487337997935266
0 0.914706801024829 0.3571760503544577 0.06622894314310045 0.0688273829623918
0 0.985282457079311 0.2397958936732091 0.029435085841378026 0.05938657177269491
0 0.9880419963769401 0.420376272272452 0.02391600724611962 0.08165653803426366
0 0.9639135615077632 0.39032430425487874 0.04309603445834927 0.0464573611789479
0 0.8677428650823873 0.14751843122725045 0.06355299856941428 0.07890520740062232
0 0.06506849315068493 0.6381278538812785 0.07808219178082192 0.0662100456621004
