0 0.05352782444477411 0.8227848101265823 0.08540394461975195 0.11573236889692597
0 0.03007181148582816 0.6763110307414105 0.055332133133923815 0.0976491862567812
0 0.07157091133627101 0.7495479204339963 0.06134649543108945 0.0994575045207955
0 0.08841112576833479 0.6311030741410488 0.054129260674490684 0.07594936708860757
0 0.137728896605093 0.6618444846292947 0.058940750512223195 0.09403254972875225
0 0.12810591692962794 0.8065099457504522 0.06615798526882193 0.10488245931283913
0 0.05052064329619129 0.42947708101911247 0.10104128659238257 0.08499095840867987
0 0.10825852134898138 0.27757685352622063 0.07938958232258636 0.12115732368896928
0 0.09382405183578385 0.16184448462929477 0.0817953272414526 0.135623869801085
0 0.16058347333432238 0.20614828209764918 0.07096947510655445 0.10126582278481011
0 0.12630160824047829 0.05244122965641953 0.06254936789052257 0.07956600361663653
0 0.07278318123679346 0.025316455696202535 0.07339401490759935 0.05063291139240507
0 0.21111351407160303 0.0379746835443038 0.08057365989984085 0.0759493670886076
0 0.1828366138338352 0.41048824593128386 0.07457809248485382 0.11934900542495484
0 0.27365348452103627 0.4547920433996383 0.07578096494428699 0.12839059674502715
0 0.280870719277635 0.3300180831826402 0.06615798526882194 0.11392405063291139
0 0.2947032589846015 0.2585897520577408 0.07217234756598756 0.11573236889692588
0 0.3127468394526129 0.12929475587703437 0.0625493678905226 0.11030741410488247
0 0.3434294846092469 0.03978300180831826 0.07335642514324213 0.07956600361663652
0 0.3777019522620017 0.18173598553345388 0.07217234756598756 0.11754068716094034
0 0.3530430668436226 0.36166365280289325 0.06615798526882198 0.13019891500904157
0 0.3807091334105845 0.41500904159132007 0.0685637301876882 0.09584086799276668
0 0.48475760115155 0.3960216998191682 0.08179532724145254 0.13019891500904157
0 0.3464272683167404 0.5424954792043399 0.05773787805279006 0.10849909584086802
0 0.41138238112612924 0.5262206148282097 0.06736085772825504 0.11211573236889691
0 0.49558345328644804 0.5524412296564195 0.0890125619980514 0.0922242314647378
0 0.5779802167576173 0.6582278481012659 0.09021543445748449 0.13743218806509944
0 0.3981507840723648 0.6410488245931285 0.07938958232258642 0.11030741410488261
0 0.4811450351611349 0.6600363208462123 0.09141830691691759 0.11211573236889699
0 0.3404129060195748 0.7820976491862568 0.08420107216031884 0.11030741410488247
0 0.40296227391009737 0.7685352622061482 0.06254936789052251 0.1012658227848101
0 0.3217683828983613 0.938517179023508 0.09262117937635075 0.10488245931283913
0 0.4047759800403364 0.9602169981916816 0.07335642514324213 0.07956600361663661
0 0.44446137376054023 0.8291139240506328 0.07818670986315318 0.11392405063291122
0 0.5382854255963241 0.9294755877034357 0.09262117937635075 0.11573236889692595
