0 0.298893319144064 0.03615702479338843 0.05234159779614323 0.07231404958677685
0 0.33746556473829203 0.07644628099173553 0.06060606060606062 0.08264462809917354
0 0.3904958875706003 0.08264461689550769 0.04545454545454548 0.07851239669421488
0 0.3402293205928622 0.007231404958677685 0.055078469688898936 0.01446280991735537
0 0.37787172659485363 0.022727272727272724 0.05509641873278234 0.045454545454545456
0 0.43603465759405535 0.11610075259605837 0.055495278919069205 0.0692218419332697
0 0.4188995801164615 0.03774535557204747 0.05329888608977096 0.07549071114409493
0 0.4684817760693348 0.06356111513312582 0.04276204756993932 0.07347388154213337
0 0.4762568767174007 0.1352863813595458 0.04431868176170613 0.07930650760274775
0 0.5155216223385335 0.13645340871134692 0.037320590416778716 0.08863640223984928
0 0.48831380242083194 0.016910927315577966 0.06219085226062278 0.03148930508175267
0 0.5096902800859118 0.0536483487241193 0.04120815191852643 0.07464118083355728
0 0.5536197250556616 0.11312803970086026 0.03887561501747769 0.08630386533880059
0 0.5505096758542634 0.03732059041677865 0.04354068881957503 0.06997610703145997
0 0.5924953400731394 0.048400140696759804 0.054425861024468884 0.08280505998722763
0 0.7732975499312158 0.013057748147408907 0.03771765699271981 0.026115496294817814
0 0.7916123055881001 0.04815044629357036 0.040261390121177666 0.053863211108061755
0 0.8113826486944917 0.013329784567146593 0.035541365634817905 0.026659569134293185
0 0.8405812244130034 0.016866258023736508 0.028649776334796685 0.033732516047473016
0 0.8679638607278107 0.036452880244849876 0.030468079010621096 0.0642005950580938
0 0.8238939607303055 0.05413524752779944 0.03590880740537443 0.06148023086071696
0 0.8108362125828967 0.11017474999376269 0.04316311193171273 0.04951062839225878
0 0.8380398754146127 0.14553951996296643 0.03373251604747295 0.051686919750160286
0 0.852911204908093 0.08841186591750169 0.03083079423693775 0.06583281357651993
0 0.8801148208094273 0.10446198517927127 0.0337325160474731 0.06420059505809383
0 0.8610722714277892 0.1645820339412998 0.04134953580012834 0.060392085181766184
0 0.4948594228076064 0.32168622863884183 0.056546349116331246 0.0867472401216445
0 0.4289957775300614 0.3414453222221053 0.058474065563478915 0.08771109834521848
0 0.3820880106494684 0.3853008713947145 0.05333348837108517 0.07710865788590632
0 0.34128467918484306 0.42626484589660224 0.060401782010626626 0.0838556654509231
0 0.3168669375209727 0.4927710633231965 0.046265194731543814 0.08963881479236611
0 0.3621682740289427 0.49662649621749166 0.059759209861577386 0.08385566545092303
0 0.40200777498333923 0.49421690815107794 0.06361464275587274 0.07325322499161097
0 0.4248191786524027 0.42337330781203036 0.06297207060682347 0.0742170832151848
0 0.4566261767079817 0.46192753744972026 0.04819331764108284 0.08385579088915068
0 0.44506008125629193 0.4301202787908976 0.026345458111017947 0.02024102269505029
0 0.4678713925475392 0.3886743751772229 0.05783149341442979 0.08000023255662775
0 0.5106024404593122 0.39252980807151816 0.06232949845777419 0.07421708321518473
0 0.5562250630418069 0.39397559540687893 0.04947805547678982 0.06939779209731568
0 0.5979922527300061 0.4204816965551592 0.041767189688199265 0.0722893667680372
0 0.5539760605201346 0.4585540963863254 0.05012062762583916 0.07132550854446329
0 0.4955019949566556 0.4595179546098993 0.055261204818232844 0.06939779209731561
0 0.3097986438814313 0.5713255085444634 0.05012062762583909 0.07710865788590616
0 0.3576702689855981 0.567470075650168 0.05718892126538051 0.06747007565016809
0 0.401365175120945 0.5780725161094802 0.04433747828439607 0.08481952367449687
0 0.4447387951817673 0.528915746707215 0.055261204818232844 0.07132550854446336
0 0.4861847496032407 0.5293977280849298 0.05461853105358526 0.07228926223618051
0 0.5263454581110182 0.5322892504897233 0.04883548332774062 0.07036165032088945
0 0.567470075650168 0.5356627542722318 0.04498005043344534 0.08096409078020152
0 0.6053818324440721 0.4831324810874581 0.04369490613534687 0.07036165032088945
0 0.6468277360577467 0.5067470075650169 0.0430523339862976 0.06554235920302035
0 0.6108436957109904 0.5554218478554952 0.041767189688199265 0.060723068085151155
0 0.6497193107284681 0.5804821616684148 0.04240976183724854 0.07036165032088959
0 0.4450600812562919 0.5997593261398914 0.052048344072986766 0.07036165032088945
0 0.48489955449734345 0.6012051134752521 0.04562262258249447 0.06554235920302026
0 0.5314860353034119 0.6065063337049081 0.05269091622203596 0.06843393387374185
0 0.5777512300349557 0.6161449159406464 0.04369490613534694 0.07614479966233248
0 0.6175907032760073 0.6204822779467286 0.038554328942953194 0.061686926308725056
0 0.2922447242864383 0.6463312125363773 0.04947805547678989 0.07710865788590623
0 0.33710790478933333 0.6387955998744098 0.05204834407298674 0.08674724012164468
0 0.38144553087823563 0.6431329566538995 0.058474065563478915 0.06650621742659425
0 0.4206423395924216 0.6686751891254201 0.05333348837108524 0.06361464275587281
0 0.4633733875041946 0.6686751891254201 0.047550339029642286 0.07903637433305391
0 0.5109237265338369 0.662892039783977 0.048835483327740764 0.06939779209731568
0 0.5523696301475115 0.6686751891254201 0.04433747828439614 0.07132550854446322
0 0.5992774894059206 0.6831331147449555 0.04819291117869149 0.05783149341442979
0 0.6416871865786979 0.6768680153853546 0.04819291117869142 0.0626507845322989
0 0.3043075727895561 0.7194968045502219 0.04673251993085227 0.07447995363979587
0 0.3510400927204084 0.7089819875657801 0.05023745892566616 0.0779848926346098
0 0.39543598665471813 0.7291353867859601 0.05374239792048016 0.06747007565016801
0 0.44596552382995214 0.7304497389090154 0.053158241421344454 0.07360371889109246
0 0.4894851830155584 0.7300116215346637 0.052574084922208685 0.0727274841423889
0 0.5274553554593757 0.7273829172885533 0.05257408492220882 0.0727274841423889
0 0.5703908581458463 0.7282591520372569 0.05082161542480193 0.07272748414238876
0 0.6273461168115725 0.7387739690216985 0.05140577192393742 0.06922254514757498
0 0.33468358477486027 0.7817094241936884 0.047901084868621935 0.07272757917134824
0 0.37294595304001205 0.8110634070614557 0.05899980641270098 0.07535618838849914
0 0.41792601187144074 0.7944148755643695 0.05549486741788705 0.07710865788590639
0 0.45969320155964 0.7847762933286313 0.05607902391702268 0.08587100537294119
0 0.5035049389948141 0.7944148755643695 0.04556420693258104 0.07009877989627852
0 0.5408909549394959 0.7895955844465005 0.04906914592739497 0.07272748414238876
0 0.589668022617323 0.7895955844465005 0.047316676429988075 0.07272748414238876
0 0.39864884739996415 0.8667042423324066 0.0484849894282592 0.07097501464498208
0 0.45151501057174087 0.8868576415525868 0.046732519930852236 0.06747007565016801
0 0.5125593647314166 0.8789715288142554 0.05783149341442979 0.0797373621320169
0 0.5633809801562185 0.8737141203220343 0.05432655441961565 0.08324230112683054
0 0.6147905581535376 0.924611037170553 0.03913087329532594 0.07988796497945003
0 0.32885311788884974 0.9364713348986581 0.04915516747046819 0.08229101697064976
0 0.3786666450427289 0.9430546805133079 0.050471823741998566 0.08360767324218031
0 0.4247495956177055 0.9437129800904074 0.052227365437372546 0.07307442306993707
0 0.48180468809829774 0.9315338738804191 0.057493990523494104 0.07899937629182403
0 0.5338127212405075 0.9443713189356694 0.04301055070313717 0.07044101771120756
0 0.573092875186326 0.9526004313422365 0.046082969503563914 0.06714946984805024
0 0.3431168941637624 0.981895976266457 0.05134959458968563 0.026991453566373308
0 0.39271094705807413 0.9818959762664567 0.04871628204662479 0.029624766109433976
0 0.43681893215434253 0.9865042732168132 0.049155167470468226 0.02040817220872114
0 0.4835630893529364 0.9874917654204611 0.039932854451225734 0.025016469159077702
0 0.5303043869922656 0.9897959138956393 0.03774986556906782 0.020408172208721424
0 0.857893241521318 0.36534515073384183 0.04112461753914985 0.06939779209731561
0 0.8206240568764632 0.38558617342889234 0.038554328942953194 0.07518094143875864
0 0.8026320367030851 0.44052609217260064 0.046265194731543745 0.06747007565016801
0 0.7865677329768546 0.4916105780220136 0.04883548332774069 0.07325322499161097
0 0.7891380215730516 0.5937795497208394 0.05140577192393749 0.07710865788590639
0 0.8087364721190526 0.6545026178059905 0.04433747828439607 0.05975920986157732
0 0.8302626391122016 0.7065509618789773 0.02827317455816555 0.07710865788590623
0 0.8524313782543996 0.7335389921390444 0.04433747828439607 0.05783149341442964
0 0.8681743959061055 0.6728159240538933 0.029558318856264094 0.07325322499161104
0 0.8450417985403336 0.6482375393527607 0.03598404034675639 0.06843393387374191
0 0.8296200669631524 0.596189195279774 0.03469889604865784 0.0722893667680372
0 0.8122706189388234 0.5369119145299834 0.029558318856263952 0.05590377696728211
0 0.8248007758452832 0.47763463378019294 0.035341468197707115 0.06265078453229883
0 0.8440779403167599 0.42751400615435386 0.050763199774888364 0.05686763519085581
0 0.8755639756201714 0.41883928214218946 0.034056323899608575 0.0665062174265941
0 0.8591783858194162 0.4819719957862752 0.04240976183724854 0.05012062762583909
0 0.8945198540171233 0.4646225477619463 0.019277164471476455 0.07325322499161104
0 0.8787768363654176 0.545586638542148 0.03791175679390392 0.06361464275587281
0 0.8427928976342594 0.5402854967113838 0.041767189688199265 0.05686763519085588
0 0.8578932138079729 0.5923337623854785 0.03212860745246104 0.060723068085151155
0 0.8829535553342376 0.6120928559687421 0.023132597365771657 0.06554235920302041
0 0.651953054431763 0.966746891286703 0.04432910492295676 0.0665062174265941
0 0.8325116416338737 0.7990355603848568 0.039196901092002176 0.08000023255662782
0 0.8662466794589576 0.8192765830799071 0.04112461753915 0.08385566545092303
0 0.8023107506285605 0.8380718184395968 0.04048204539010101 0.07518094143875857
0 0.7775717228901655 0.8862647296182883 0.043694906135346795 0.05783149341442979
0 0.7705034292506241 0.9518070888213086 0.0488354833277404 0.06168692630872499
0 0.8273752511221997 0.9850601975346058 0.03276280624007072 0.02987960493078859
0 0.8029575094583293 0.9677107495102767 0.036618239134366064 0.06457850097944658
0 0.8074513278209543 0.9098792560958471 0.03662661249580552 0.0742170832151848
0 0.8276923505160044 0.8612044158053687 0.035984040346756244 0.06361464275587267
0 0.8614273883410886 0.881927367612206 0.037911756793903774 0.0626507845322989
0 0.8286562087395786 0.9310841370144712 0.041767189688199265 0.07036165032088945
0 0.8598209579684655 0.9392769319148487 0.0346988960486577 0.06554235920302048
0 0.6191414411474123 0.9886369462269882 0.04545480288061547 0.022726107546023597
