0 0.07420091324200913 0.8173515981735159 0.13470319634703196 0.1735159817351598
0 0.21917808219178084 0.571917808219178 0.23744292237442924 0.18036529680365299
0 0.7682648401826484 0.7089041095890412 0.19406392694063926 0.17579908675799097
0 0.5308219178082192 0.39954337899543374 0.18493150684931514 0.1461187214611872
0 0.7283105022831048 0.38356164383561636 0.18721461187214608 0.17351598173515978
0 0.9018264840182648 0.3470319634703196 0.1506849315068493 0.16438356164383564
0 0.410958904109589 0.5159817351598174 0.15525114155251146 0.1461187214611873
0 0.1860730593607306 0.7477168949771692 0.17579908675799086 0.15753424657534293
0 0.3424657534246575 0.6678082191780823 0.136986301369863 0.16210045662100447
0 0.5490867579908675 0.6872146118721462 0.16666666666666663 0.15525114155251157
0 0.6529680365296804 0.5468036529680362 0.15981735159817362 0.1529680365296801
0 0.8447488584474878 0.5273972602739727 0.16438356164383555 0.14611872146118718
0 0.9520547945205479 0.684931506849315 0.0867579908675799 0.1506849315068493
0 0.978310502283105 0.507229826766062 0.04337899543378995 0.14992390811171163
