0 0.41300191204588915 0.2925430210325048 0.08795411089866156 0.11472275334608031
0 0.48279158699808794 0.2954110898661568 0.0822179732313576 0.10133843212237093
0 0.5592734225621414 0.30305927342256217 0.08986615678776289 0.10133843212237104
0 0.6510516252390057 0.31644359464627153 0.08986615678776304 0.12045889101338432
0 0.3441682600382409 0.36998087954110903 0.0726577437858509 0.10133843212237088
0 0.4110599551852024 0.372848948374761 0.07642201362088255 0.08030592734225628
0 0.49229650597602564 0.39134018955657185 0.08433298720982492 0.08190030488646449
0 0.5737913638085967 0.395800107149399 0.08190030488646464 0.09892908114998683
0 0.6569080098567415 0.40674717760452056 0.08757656364097201 0.09649639882662654
0 0.27645095788536245 0.4449641377398112 0.07298046970081 0.09435858708791592
0 0.3439026041239899 0.461919196357171 0.07519199908568297 0.08551246954842377
0 0.41872601497886075 0.4762941373588457 0.0700317638543126 0.08919835185654555
0 0.1942557824142482 0.5382169601352906 0.06339717569969353 0.08330094016355083
0 0.2628131933453121 0.547800254136407 0.07224329323918564 0.09362141062629142
0 0.3394795453542438 0.5680726068310764 0.08698682247167255 0.08256376370192633
0 0.41872601497886064 0.5728642538316346 0.07740352847055604 0.09214705770304292
0 0.12128107190454465 0.6204754867085757 0.08255224531971356 0.08243706149758488
0 0.19831025295318208 0.6340499001464552 0.07445482262405868 0.09214705770304285
0 0.2672362521150582 0.6535850763795003 0.06929458739268828 0.08846117539492133
0 0.34500836881642644 0.6716458996892967 0.08330094016355069 0.10983929278202702
0 0.4283093089799771 0.6845464877677228 0.08035223431705334 0.09878164585766214
0 0.4928122493721072 0.4928807113265313 0.09583294001116464 0.08698682247167255
0 0.5845907188443378 0.4965664900535151 0.08624964601004813 0.0928842341646672
0 0.6678916590078887 0.515364489824936 0.09509576354954036 0.09804446939603764
0 0.503132719834848 0.5901879006798068 0.10320470462740808 0.09583294001116456
0 0.5923310716913935 0.6067743710663546 0.08551246954842377 0.10541623401228094
0 0.6815294235479391 0.627415311991836 0.10467905755065672 0.09657011647278885
0 0.5127160138359644 0.7040816640007677 0.09435858708791592 0.10394188108903236
0 0.5941740128454543 0.7254597813878738 0.10099317524253508 0.12015976324476796
0 0.6922185303327345 0.7475751862163942 0.09657021265527424 0.10689080889511099
