0 0.13171408500175624 0.6621004566210046 0.09237091675447841 0.17808219178082196
0 0.21382156656129261 0.6929223744292237 0.08552862662451705 0.1255707762557077
0 0.27283631893220933 0.6986301369863014 0.08723919915700737 0.13698630136986295
0 0.3446803652968037 0.7248858447488584 0.0838180540920267 0.11187214611872136
0 0.4302089919213206 0.732876712328767 0.09066034422198804 0.13698630136986295
0 0.5071847558833861 0.767123287671233 0.10092377941693009 0.1415525114155251
0 0.5935686687741482 0.800228310502283 0.10605549701440103 0.13013698630136986
0 0.6996241657885495 0.8310502283105023 0.13342465753424662 0.1735159817351598
0 0.2061287450574627 0.5490867579908675 0.08381805409202672 0.15753424657534246
0 0.27369160519845454 0.58675799086758 0.10947664207938185 0.10045662100456625
0 0.3506673691605199 0.593607305936073 0.09921320688443974 0.1050228310502282
0 0.42422198805760414 0.6004566210045662 0.09237091675447834 0.11872146118721433
0 0.5080400421496312 0.6198630136986302 0.10605549701440119 0.1164383561643836
0 0.591858096241657 0.6392694063926939 0.10263435194942047 0.12785388127853842
0 0.672255005268704 0.6621004566210046 0.10605549701440112 0.15068493150684922
0 0.28138918159466103 0.432648401826484 0.08723919915700741 0.13926940639269403
0 0.6679785739374781 0.5114155251141552 0.11118721461187221 0.13242009132420093
0 0.5756076571829997 0.5022831050228311 0.1043449244819108 0.13242009132420093
0 0.4926448893572182 0.4874429223744292 0.09921320688443977 0.13013698630136994
0 0.4250772743238497 0.4634703196347032 0.1043449244819108 0.12785388127853878
0 0.34639509836012344 0.43721461187214544 0.07014179489376314 0.11643835616438344
0 0.34556893580968506 0.3230593607305934 0.0888832031962248 0.12100456621004542
0 0.4250772743238497 0.3458904109589041 0.08723919915700741 0.093607305936073
0 0.4926448893572178 0.3584474885844749 0.08894977168949769 0.11415525114155253
0 0.5670452847357949 0.37100456621004524 0.08722017958750058 0.1164383561643835
0 0.6534387074113102 0.3755707762557078 0.10605549701440112 0.10730593607305934
0 0.4139585528626625 0.22146118721461186 0.07526519142957497 0.13242009132420093
0 0.4840920266947664 0.24771689497716892 0.08210748155953623 0.11643835616438356
0 0.5585019318580963 0.24885844748858446 0.09408148928696881 0.11872146118721463
0 0.6465964172813489 0.2454337899543379 0.08894977168949772 0.1255707762557078
