0 0.5856621004566211 0.7385844748858448 0.1142283105022831 0.18036529680365304
0 0.6524566210045663 0.6118721461187215 0.08905936073059366 0.16894977168949774
0 0.7105388127853882 0.5 0.11229223744292241 0.16438356164383564
0 0.7821735159817352 0.4041095890410959 0.10842009132420088 0.1461187214611872
0 0.8034871876478049 0.22488584474885825 0.11225850141671795 0.1301369863013695
0 0.7579726027397261 0.3242009132420091 0.11035616438356158 0.10502283105022833
0 0.8509041095890412 0.3424657534246575 0.08712328767123295 0.11415525114155255
0 0.8886575342465756 0.4474885844748859 0.10067579908675796 0.11415525114155259
0 0.9215707762557078 0.5616438356164384 0.09293150684931505 0.1415525114155251
0 0.7996047332988548 0.5365296803652968 0.08132818805889608 0.1095890410958904
0 0.8528392455365617 0.5547945205479454 0.05618172897134326 0.10958904109589117
0 0.747324200913242 0.6495433789954338 0.09293150684931518 0.1164383561643836
0 0.8257351598173517 0.6449771689497718 0.08712328767123295 0.0981735159817351
0 0.6834337899543379 0.7454337899543378 0.1045479452054795 0.13470319634703187
0 0.773461187214612 0.7488584474885844 0.1026118721461188 0.11415525114155259
0 0.8596164383561644 0.7534246575342465 0.10067579908675811 0.12328767123287676
