0 0.042495479204339964 0.35081374321880654 0.081374321880651 0.11934900542495484
0 0.06871609403254972 0.45298372513562385 0.07956600361663652 0.12477396021699824
0 0.21518987341772153 0.4168173598553345 0.11934900542495479 0.12839059674502715
0 0.2911392405063291 0.34267631103074137 0.10488245931283903 0.1103074141048824
0 0.3300180831826402 0.4701627486437613 0.11392405063291139 0.13743218806509944
0 0.43490054249547927 0.5 0.11754068716094032 0.1283905967450272
0 0.6564194268499634 0.5226040126292767 0.1012651018737938 0.13019850305988914
0 0.5605786618444847 0.6166365280289331 0.11211573236889691 0.1265822784810126
0 0.667269490914982 0.7468353228861386 0.1157323688969258 0.11934900542495469
0 0.7694394213381556 0.8291139240506328 0.14647377938517167 0.11392405063291122
0 0.515370791066863 0.7694395243254436 0.13381555153707056 0.10669077757685358
0 0.2043399638336347 0.538878842676311 0.11211573236889695 0.10488245931283906
0 0.25587703435804704 0.6301989150090416 0.12477396021699817 0.11754068716094039
0 0.34177215189873417 0.615732368896926 0.08318264014466546 0.13200723327305616
0 0.42314647377938513 0.659132007233273 0.09041591320072336 0.1392405063291139
0 0.19439421338155516 0.7043399638336347 0.12115732368896927 0.08860759493670897
0 0.20524412296564198 0.8001808318264014 0.11030741410488248 0.08860759493670883
0 0.36552752034358044 0.9511754068716094 0.10176028481012661 0.0976491862567812
0 0.2911392405063291 0.8616636528028933 0.1012658227848101 0.10669077757685358
0 0.27486437613019893 0.7495479204339963 0.09041591320072331 0.0994575045207955
0 0.4104888466904638 0.8553351482202968 0.07956675885674873 0.09403328780431579
0 0.44418936482820975 0.9575045207956601 0.09534640596745021 0.08499095840867994
0 0.5090415913200723 0.8625678119349005 0.10307414104882469 0.07956600361663646
0 0.596745027124774 0.8300180831826401 0.09764918625678114 0.11211573236889677
0 0.6367752599457505 0.9529837251356238 0.10899355786618443 0.09403254972875232
0 0.10216998191681735 0.6066907775768535 0.09584086799276673 0.08137432188065112
0 0.0705244122965642 0.6889692585895116 0.0867992766726944 0.06148282097649187
0 0.07685352622061484 0.7622061482820977 0.08499095840867993 0.0669077757685352
