0 0.019727557598346376 0.5589236120867267 0.0265190118535148 0.05587583904775812
0 0.17135195858228122 0.31912348600963875 0.028812230173441797 0.056337622841541306
0 0.19134411829446535 0.29372537735156684 0.03704429593728232 0.060955460779372535
0 0.22956442362658203 0.27525402560024187 0.03469227714761356 0.06280259595450502
0 0.26396269842548703 0.28356613388833807 0.04116032881920255 0.07388540700529997
0 0.22162636021145013 0.3477540812241925 0.028224225476024642 0.05818475801667379
0 0.2004581911044316 0.3537572705433732 0.02587220668635588 0.049872649728577516
0 0.20192824522669148 0.40224456889060134 0.03469227714761356 0.04525481179074639
0 0.18517006897158494 0.41794521787922745 0.030576244265693296 0.05449048766640878
0 0.15812185289039474 0.4595057593197089 0.035280281845030806 0.07480897459286623
0 0.21633431793469549 0.4964484628223589 0.03410427245019644 0.041560541440481415
0 0.2222143649088673 0.45581148896944385 0.03292826305536203 0.05633762284154116
0 0.23132830210693975 0.4151745151165292 0.026460346995666635 0.047101946965879396
0 0.25279060917456064 0.45812040793835945 0.03528028184503075 0.06834400147990244
0 0.25190860212843486 0.38192608196414385 0.03234025835794483 0.06187902836693887
0 0.2821908440454196 0.3509865677806744 0.03410427245019637 0.05541405525397508
0 0.3118850812649871 0.33898018914231315 0.03586828654244794 0.06464973112963751
0 0.28571889341928186 0.41655986649787935 0.03763234301341487 0.06649686630476755
0 0.28983490511184296 0.48074781383373266 0.03763230063469955 0.058184758016673825
0 0.32129306319048484 0.40824775820978204 0.03234025835794487 0.05910832560424005
0 0.32705558381171485 0.46920321898915446 0.038220305332116594 0.06742043389233629
0 0.3662755157760762 0.4571968403507933 0.038808310029533784 0.07573254218043246
0 0.46655081404862186 0.617384771175644 0.040208045238587786 0.0762203421204498
0 0.4227533669629963 0.48615865579936846 0.03816150486237497 0.061971385125695375
0 0.3820046414319858 0.5161284240158932 0.03557428419373934 0.0609554607793725
0 0.44183411939418377 0.5486380030982252 0.040101920363851636 0.056891763394080995
0 0.4065832377840239 0.5613370574272613 0.039455115196692744 0.053843990355112364
0 0.3490177270799656 0.5308593270375749 0.04462955653396385 0.059939536433049626
0 0.34384313656961085 0.5841953552195259 0.04721677720259954 0.0609554607793725
0 0.3095624627101892 0.5968944095485618 0.039455115196692744 0.057907687740404015
0 0.27657539918508545 0.5344150622497049 0.03686789452805716 0.06298730947201825
0 0.2749584795003655 0.5694644521978443 0.043982751366805066 0.05384399035511252
0 0.24035430982418723 0.5247637809596377 0.031693453190786015 0.05384399035511244
0 0.20736724629908346 0.5476220787519024 0.03686789452805716 0.05079621731614381
0 0.2225671117874112 0.5847033173926873 0.02845942735499147 0.06400323381834121
0 0.3127965724558433 0.538986721808158 0.02781262218783258 0.05790768774040387
0 0.28595407410888946 0.6238164047261181 0.02845942735499147 0.04876436862349806
0 0.29145191802974013 0.6624215298863873 0.03298706352510372 0.05282806600878949
0 0.2552308286688419 0.6258482534187638 0.025225401519197027 0.05282806600878956
0 0.23388623018264507 0.6431189673062527 0.036867894528057124 0.048764368623497985
0 0.20413322046328897 0.6573419081547729 0.034280673859421566 0.044700671238206556
0 0.19928218170959724 0.6070536530117906 0.03234025835794487 0.059939536433049695
0 0.21609911605572862 0.743187515419056 0.03104664802362702 0.053843990355112226
0 0.20122259721107397 0.6959470333150424 0.03492747902658049 0.0426688225455608
0 0.23517986848691608 0.7309964232631815 0.03169345319078598 0.0457165955845295
0 0.23615007623765444 0.6959470333150422 0.029753037689309317 0.046732519930852166
0 0.2594350622553747 0.6847718655054905 0.021991375683402516 0.05079621731614381
0 0.2623455922744125 0.7228690284925982 0.03169345319078598 0.051812141662466615
0 0.29145191802974013 0.7406477045532488 0.029106232522150357 0.05282806600878956
0 0.3095624627101893 0.7172814445878225 0.032987063525103756 0.046732519930852305
0 0.33963890298307803 0.6923912981029122 0.03492747902658046 0.0741624772815699
0 0.34740056498898475 0.6400711942672841 0.0362210893608983 0.046732519930852166
0 0.38163594043064897 0.6229403392130897 0.02651564846664556 0.06990849726621214
0 0.3712190319136722 0.6712811919583379 0.030303598247594935 0.029748296709026508
0 0.4228298942984734 0.612528305958011 0.035038535473781704 0.05205951924079635
0 0.40909853555058684 0.669793899340533 0.03409154802854431 0.059496521525320055
0 0.5487751038485418 0.7795413541766161 0.027812622187832616 0.052828066008789705
0 0.49250245329449555 0.7815730653788907 0.04462955653396385 0.056891763394080926
0 0.5917870464533864 0.7937641575347653 0.03880831002953393 0.05689176339408121
0 0.6454718753275748 0.7927482331884422 0.042689141032487256 0.07314655293524709
0 0.3958050967250675 0.7272211128506169 0.03622108936089823 0.061971385125695375
0 0.4294389494965031 0.7343325832748769 0.028459427354991504 0.051812141662466615
0 0.34438407001510796 0.7536351458550115 0.03298706352510386 0.0396210495065921
0 0.36734560966697427 0.729760923716424 0.028459427354991577 0.06298730947201818
0 0.37801793870737066 0.839988715292456 0.027812622187832547 0.043684746891883466
0 0.4190900668219608 0.8602965938346039 0.025872206686355956 0.04569537881591074
0 0.4646898709087307 0.8069711740369624 0.03298706352510386 0.046732519930852305
0 0.44507609002711573 0.8469285075735936 0.025225401519197065 0.04063697385291519
0 0.4882982197079627 0.8430364883314246 0.024578596352038105 0.049780292969820866
0 0.5280767175872011 0.810526928890574 0.025225401519197065 0.05587583904775826
0 0.5717360862714606 0.8323692826950344 0.03880831002953393 0.046732519930852305
0 0.6179826557233217 0.8465922235435548 0.03816150486237504 0.0365732764676234
0 0.5293703478225522 0.8717939011617822 0.034280673859421566 0.05853075000703801
0 0.376077523205894 0.7866526871105051 0.02651901185351484 0.044700671238206556
0 0.4080943630594324 0.7876685623531239 0.031046648023627124 0.046732519930852166
0 0.35117556009213735 0.8115428041331928 0.03751469969521608 0.053843990355112226
0 0.2599759957008719 0.7891924979763121 0.025872206686355915 0.04571659558452936
0 0.2919928514752373 0.7871606492836665 0.025225401519196958 0.035557352121300595
0 0.22731237854162203 0.783604933713018 0.023931791184879217 0.03454142777497779
0 0.15487015603755105 0.5316556761834632 0.02910623252215041 0.04266882254556073
0 0.1820359730582247 0.5067655296985527 0.018757349847608004 0.049780292969821005
0 0.15422335087039213 0.5829598556727684 0.030399842856468205 0.0457165955845295
0 0.1697466947832395 0.6743931352284943 0.026519011853514785 0.04571659558452936
0 0.17395090846873854 0.6362958838547194 0.024578596352038105 0.044700671238206556
0 0.18397638855970144 0.561625444399988 0.022638180850561403 0.041652898199237856
0 0.14581488369732645 0.6881080255171861 0.0239317911848792 0.05079621731614381
0 0.16230842740049867 0.7424599191210153 0.023284986017720347 0.039621049506592246
0 0.15584036378828936 0.8115428335954156 0.02716581702067371 0.049780292969821005
0 0.28487799463648944 0.8420205639851019 0.031693453190785946 0.04368474689188375
0 0.21599324433406686 0.8293215096560658 0.029753037689309317 0.04876436862349806
0 0.31301406717038277 0.7770014843863641 0.02199137568340248 0.051812141662466754
0 0.31980545774224295 0.8227179424805224 0.026519011853514875 0.033525503428654985
0 0.17912534980600966 0.7861447249373436 0.025872206686355915 0.041652898199237995
0 0.18365298597612198 0.8257657744439356 0.01811054468044915 0.03758920081394635
0 0.1256910609133199 0.6254419005272578 0.0258269303246548 0.05138342158831847
0 0.05251473183852201 0.7241521577890273 0.030992316389585738 0.04597464036849544
0 0.13214779349448363 0.8850633990787614 0.037018600132005176 0.04327024975858393
0 0.25396477247786353 0.9452361293635099 0.03615770245451671 0.0446224450635394
0 0.09168562914080054 0.6720926385482312 0.024966032647166285 0.04191805445362817
0 0.07059360955405641 0.6896711775126559 0.022383339614700803 0.044622445063539684
0 0.09986413058866514 0.7146867906543372 0.025826930324654763 0.029748296709026362
0 0.16830549594900032 0.8789785202064606 0.02668782800214329 0.044622445063539545
0 0.2246942938244966 0.8674848601143367 0.025826930324654784 0.04327024975858393
0 0.2543952636978496 0.8478780281924785 0.03701860013200516 0.058144398113097254
0 0.4403491620353641 0.9107551098729206 0.028409623357120283 0.04867903097840696
0 0.4760764156511365 0.8904721802985844 0.027548725679631757 0.05408781219822984
0 0.6805396352452743 0.8985853129141009 0.0404621908419591 0.04867903097840681
0 0.7210085306597181 0.864220576135967 0.03531025630323896 0.0691943691207824
0 0.6762351680484526 0.8424692992582794 0.0318532140670743 0.07166635116265468
0 0.5686228894928734 0.882358995397444 0.04218398619693616 0.04867903097840681
0 0.5109427715894205 0.924953160574956 0.030131418712097187 0.05544000750318588
0 0.6047806184356662 0.8931765709084959 0.03185321406707416 0.04056585914867242
0 0.5488222693989141 0.9175160863976992 0.045627576906890115 0.040565859148672556
0 0.47908958401062224 0.9459121224447398 0.03701860013200516 0.05679220280814135
0 0.6172636347592494 0.951320969021593 0.03615770245451671 0.05949659341805287
0 0.6456732581163697 0.9107551098729206 0.032714111744562686 0.05949659341805301
0 0.7055056467018198 0.9506448713691154 0.040462190841959254 0.03921366384371666
0 0.663752101397145 0.9506448713691149 0.025826946217620557 0.06625756994283176
0 0.5854104736687272 0.9479405461162336 0.027548725679631757 0.05544000750318546
0 0.5570007973350548 0.9709278009434514 0.03615770245451678 0.047326835673451056
0 0.744676517515822 0.929685844142301 0.0327141117445629 0.05138342158831847
0 0.7894431702569479 0.9506448713691151 0.04132308851944771 0.06625756994283179
0 0.5027641959743828 0.9722799831770004 0.03615770245451664 0.036509273233805144
0 0.4644610227681472 0.9776887774682302 0.02670127952835415 0.044622445063539684
0 0.12095612368713324 0.7768877746823015 0.02324423729218932 0.0567922028081415
0 0.22125070311454265 0.9161638910927437 0.029270521034608768 0.06220098402796452
0 0.2849571312486911 0.9276575511848675 0.024105134969677807 0.0392136638437168
0 0.315949426447656 0.92427708906529 0.027548725679631684 0.04597464036849544
0 0.29227476150734333 0.8864155943837172 0.047349372261867126 0.03515707792884939
0 0.03126522138379845 0.45674816151663117 0.03202778775901304 0.05509641873278241
0 0.10672285258121805 0.6510299870380922 0.02587220668635588 0.0457165955845295
0 0.09281654148730176 0.7521144594972183 0.03298706352510375 0.056891763394081064
0 0.12774402051388223 0.835420255895694 0.03298706352510378 0.04266882254556066
0 0.15070560394802307 0.9395525013937888 0.03363386869226266 0.051812141662466754
0 0.18369266747312685 0.9410763879132732 0.03234025835794487 0.04876436862349806
0 0.3059438972315268 0.983745210458834 0.02198126935266572 0.03250957908233204
0 0.25743350969460954 0.9857770591514796 0.03491737269584355 0.028445881697040674
0 0.22379964100234692 0.9817133617661881 0.028469533685728337 0.03657327646762383
0 0.19113598006082255 0.9776496643808966 0.02780251585709568 0.044700671238206695
0 0.16235315012225165 0.9847611348051568 0.01423982000823262 0.030477730389686427
0 0.44144452658594746 0.6784599443888097 0.036867894528057124 0.07009877989627825
