0 0.029837251356238697 0.4448462929475588 0.059674502712477394 0.09403254972875225
0 0.11844484629294755 0.4963833634719711 0.10307414104882458 0.08499095840867987
0 0.029837251356238697 0.5415913200723328 0.059674502712477394 0.08499095840867994
0 0.06690777576853525 0.6184448462929475 0.09764918625678119 0.09764918625678114
0 0.17902350813743217 0.5804701627486437 0.0904159132007233 0.09403254972875232
0 0.05696202531645569 0.7640144665461122 0.08137432188065098 0.07414104882459313
0 0.11301989150090415 0.7305605786618444 0.06690777576853525 0.08679927667269453
0 0.17088607594936708 0.7025316455696202 0.08499095840867993 0.1139240506329115
0 0.14014466546112117 0.8336347197106692 0.08137432188065102 0.0650994575045209
0 0.19891500904159132 0.3589511754068716 0.09041591320072334 0.09584086799276673
0 0.22332730560578662 0.20343580470162748 0.12115732368896925 0.09945750452079567
0 0.3209764918625678 0.15913200723327306 0.0669077757685352 0.08679927667269441
0 0.3707052441229656 0.08318264014466546 0.07594936708860757 0.10126582278481014
0 0.43670886075949367 0.05786618444846293 0.08137432188065098 0.10849909584086799
0 0.4665461121157324 0.16003616636528029 0.07956600361663653 0.09584086799276675
0 0.3770343580470163 0.1871609403254973 0.07414104882459313 0.08499095840867994
0 0.32188071965276704 0.2513561872043668 0.06871609403254965 0.09041591320072331
0 0.29385171790235076 0.3770343580470163 0.09945750452079562 0.08499095840867994
0 0.3915005437036239 0.264014020267864 0.08499095840867994 0.07594936708860754
0 0.38788426763110306 0.3535262206148282 0.09945750452079566 0.08499095840867991
0 0.47558770343580464 0.24412296564195302 0.08318264014466542 0.08679927667269442
0 0.6121157323688969 0.06871609403254973 0.09945750452079573 0.09403254972875226
0 0.7215189873417722 0.05244122965641953 0.09041591320072329 0.0867992766726944
0 0.8589511754068717 0.060578661844484634 0.0976491862567812 0.0922242314647378
0 0.9484629294755876 0.08951175406871609 0.07775768535262202 0.09945750452079566
0 0.8354430379746836 0.1410488245931284 0.0867992766726944 0.06509945750452079
0 0.7332730560578662 0.13291139240506328 0.08499095840867994 0.07775768535262204
0 0.6500904159132007 0.16003616636528029 0.08137432188065105 0.08499095840867994
0 0.635623869801085 0.3010849909584087 0.0994575045207958 0.08137432188065094
0 0.6094032549728752 0.36075949367088606 0.07233273056057861 0.08499095840867991
0 0.5018083182640144 0.39873417721518983 0.07775768535262209 0.09584086799276675
0 0.48372513562386976 0.49005424954792043 0.07775768535262202 0.0867992766726944
0 0.3037974683544304 0.47287522603978305 0.1229656419529838 0.0922242314647378
0 0.2911392405063291 0.5415913200723327 0.11934900542495473 0.0488245931283906
0 0.7034358047016275 0.24502712477396024 0.10849909584086802 0.10307414104882458
0 0.8390596230090686 0.21699812302354402 0.09403254972875218 0.10126582278481014
0 0.8074141048824593 0.31103074141048825 0.10307414104882469 0.06871609403254972
0 0.7332730560578662 0.367992766726944 0.07775768535262216 0.08499095840867994
0 0.6654611211573237 0.4186256781193489 0.08679927667269433 0.056057866184448454
0 0.5560572825898161 0.5198915867268991 0.0632911392405063 0.09222423146473772
0 0.6211573236889693 0.5126582278481012 0.06690777576853528 0.09945750452079566
0 0.2811934900542496 0.7305605786618447 0.10307414104882458 0.09764918625678107
0 0.352622061482821 0.6410488245931285 0.1012658227848101 0.09945750452079566
0 0.41500904159132007 0.5922242314647378 0.0669077757685352 0.07775768535262202
0 0.39783001808318263 0.72875226039783 0.09403254972875232 0.0867992766726944
0 0.4963833634719711 0.6763110307414105 0.07414104882459306 0.0976491862567812
0 0.5117540687160941 0.5831826401446655 0.09041591320072329 0.08137432188065091
0 0.5723327305605787 0.6555153707052441 0.09584086799276668 0.0886075949367089
0 0.6075949367088608 0.5831826401446655 0.10488245931283899 0.07052441229656424
0 0.6826401446654612 0.6347197106690777 0.08860759493670883 0.0831826401446655
0 0.6844484629294757 0.5678119349005425 0.09222423146473786 0.09403254972875218
0 0.7585895117540687 0.5976491862567812 0.07414104882459313 0.07052441229656424
0 0.844484629294756 0.6012658227848102 0.0867992766726944 0.08137432188065091
0 0.9195298372513563 0.5822784810126582 0.06690777576853535 0.07233273056057868
0 0.9819168173598553 0.5914754746835443 0.03616636528028934 0.10519326401446655
0 0.9792043399638337 0.4965387658227848 0.041591320072332676 0.07383024412296564
0 0.6898734177215189 0.47920433996383366 0.0632911392405063 0.0650994575045209
0 0.767631120238689 0.5198916210559951 0.0669077757685352 0.08137432188065098
0 0.7640144665461122 0.44936708860759494 0.09584086799276675 0.07414104882459313
0 0.8182640144665462 0.3924050632911393 0.07775768535262202 0.07956600361663653
0 0.8417721518987341 0.538878842676311 0.07414104882459313 0.06871609403254972
0 0.9104882459312839 0.5198915009041591 0.07414104882459313 0.09222423146473772
0 0.8453887884267631 0.46925874399268613 0.07775768535262216 0.07052441229656417
0 0.8969258589511753 0.4132007233273056 0.0867992766726944 0.07775768535262202
0 0.9113924050632911 0.3282097649186257 0.09041591320072329 0.0922242314647378
0 0.9620253164556962 0.2307159810126582 0.07594936708860757 0.10338494575045207
0 0.9773960216998192 0.38788426763110306 0.041591320072332676 0.08499095840867994
0 0.9430386441009165 0.45388537824362224 0.0669077757685352 0.061482820976492006
0 0.9801084132731003 0.3046976109822039 0.03978317345379758 0.07052441229656418
