0 0.06509947466906882 0.6202532332151541 0.10126582278481014 0.10488245931283899
0 0.14466546112115733 0.5551537070524413 0.11934900542495479 0.10488245931283913
0 0.2314647377938517 0.5126582278481012 0.13381555153707056 0.09945750452079566
0 0.32007233273056057 0.47106690777576854 0.11573236889692584 0.11392405063291136
0 0.4168173598553345 0.4321880650994575 0.12839059674502715 0.11934900542495469
0 0.5650994575045207 0.3960216998191682 0.12477396021699824 0.13019891500904157
0 0.7079566003616636 0.4086799276672694 0.12477396021699817 0.1265822784810127
0 0.8354430379746836 0.3905967450271248 0.11934900542495484 0.11934900542495477
0 0.9773960216998191 0.41500895576858016 0.04520795660036171 0.15370705244122967
0 0.91500904159132 0.4547920433996383 0.11573236889692595 0.11030741410488254
0 0.8110307414104883 0.4945750452079566 0.11392405063291136 0.10307414104882469
0 0.6962025316455697 0.5289330922242315 0.1265822784810127 0.09945750452079566
0 0.58499095840868 0.5253164556962026 0.12115732368896921 0.10307414104882455
0 0.4448465504157788 0.528933092224231 0.11211624730533716 0.05967450271247736
0 0.4837251356238699 0.515370705244123 0.04520795660036164 0.0036166365280288913
0 0.3652802893309222 0.6112115732368897 0.1193490054249548 0.10849909584086802
0 0.27034358047016277 0.6292947558770343 0.11030741410488247 0.09403254972875232
0 0.17179023508137434 0.639240506329114 0.11211573236889694 0.08499095840868001
0 0.11392405063291139 0.732368896925859 0.11934900542495479 0.07233273056057868
0 0.06781193490054249 0.7974683544303798 0.08137432188065098 0.07594936708860757
0 0.022603978300180835 0.8211318942133815 0.04520795660036167 0.09372174502712469
0 0.03164556962025317 0.9258589511754067 0.04520795660036166 0.10849909584086802
0 0.0922242314647378 0.8815551537070525 0.07233273056057866 0.10669077757685344
0 0.1609403254972875 0.8481012658227849 0.08318264014466548 0.07594936708860743
0 0.16817359855334538 0.9330922242314648 0.10849909584086799 0.09041591320072329
0 0.21518987341772153 0.7920433996383364 0.10488245931283906 0.07233273056057868
0 0.23779385171790238 0.7242314647377939 0.11392405063291139 0.07775768535262202
0 0.32730560578661844 0.708860759493671 0.0867992766726944 0.0867992766726944
0 0.4285714285714286 0.6907775768535263 0.11573236889692588 0.09041591320072329
0 0.33363471971066905 0.7875226039783001 0.11392405063291136 0.05967450271247742
0 0.4358047016274864 0.7649186256781193 0.1446654611211573 0.08318264014466535
0 0.2938517179023508 0.8417721518987342 0.08860759493670887 0.0632911392405063
0 0.26853526220614826 0.906871609403255 0.08860759493670887 0.0669077757685352
0 0.3562386465172059 0.9294755533743395 0.09041591320072331 0.09041591320072329
0 0.3933092224231464 0.8652802893309223 0.0886075949367089 0.09945750452079566
0 0.523508051609448 0.6012657541266181 0.12115732368896921 0.08860759493670883
0 0.5271248082893131 0.6880650479638604 0.08499095840867987 0.07775768535262202
0 0.5343580470162749 0.7495479204339963 0.09222423146473772 0.08137432188065105
0 0.49276672694394213 0.8372513562386978 0.12115732368896928 0.06871609403254965
0 0.47558770343580475 0.9005424954792044 0.10126582278481017 0.06871609403254951
0 0.5813743218806511 0.9484629294755876 0.0922242314647378 0.07414104882459313
0 0.6717902350813744 0.9014466546112115 0.09945750452079558 0.08137432188065091
0 0.7703435804701627 0.9276672694394213 0.0831826401446655 0.07956600361663661
0 0.9258589511754068 0.9186256781193489 0.07233273056057868 0.09403254972875232
0 0.8508137432188064 0.9593128390596745 0.10669077757685344 0.0632911392405063
0 0.8327305605786619 0.8074141048824593 0.12115732368896914 0.08499095840867994
0 0.8499095840867992 0.8752260397830018 0.10849909584086802 0.07956600361663646
0 0.7124773960216999 0.7902350813743219 0.09403254972875232 0.1012658227848101
0 0.6283906825677673 0.825497373345344 0.11754068716094025 0.08137432188065091
0 0.620253164556962 0.7495479204339963 0.10488245931283899 0.11754068716094025
0 0.6157323688969258 0.6618444846292948 0.10669077757685351 0.1265822784810127
0 0.7323688454322149 0.6672696110668183 0.09403254972875218 0.1229656419529838
0 0.8535262206148282 0.6618444846292947 0.11573236889692595 0.09403254972875225
0 0.9050632911392406 0.755877034358047 0.09222423146473772 0.08679927667269424
0 0.9683544303797469 0.8083182640144665 0.048824593128390464 0.10488245931283913
0 0.8987341772151899 0.5732368896925858 0.10126582278481024 0.11211573236889691
0 0.9792043399638337 0.5236635397830018 0.041591320072332676 0.09914669981916817
0 0.9674502712477395 0.6158877712477396 0.0650994575045209 0.09553006329113928
