0 0.23290748926688332 0.47703315836128396 0.0724731447266151 0.061244911036576186
0 0.2589365764574282 0.412726001772879 0.08165988138210156 0.06532790510568119
0 0.31201549935579415 0.3754686808922951 0.0714523962093389 0.05614116845019481
0 0.3911235094447051 0.39333177994462987 0.06839015065751006 0.07349389324389144
0 0.32885784989085265 0.44947294839482466 0.0847221269339304 0.06941089917478635
0 0.2905799754867392 0.5173528023052155 0.07145239620933883 0.07859763583027288
0 0.3553973113400356 0.5107178594314008 0.07655613879572026 0.06736940214023371
0 0.39418575499653385 0.45406631672256786 0.07451464176116765 0.06634865362295755
0 0.38193677278921867 0.5877843724857591 0.07451464176116758 0.06634865362295748
0 0.4191940936698025 0.5091867366554864 0.07145239620933885 0.05614116845019481
0 0.4472646778948999 0.5750250160198058 0.06634865362295755 0.08370137841665418
0 0.4722730165681685 0.4749916613267314 0.07145239620933885 0.07757688731299645
0 0.4681900224990635 0.4142571245487934 0.07349389324389144 0.08268062989937774
0 0.4263393332907364 0.3096304015279758 0.07553539027844401 0.0755353902784439
0 0.5079992855796549 0.27084194818253765 0.06532790510568134 0.07349389324389144
0 0.4886049928445888 0.34127360556354014 0.07757688731299651 0.05716191696747117
0 0.5865968505031107 0.23664688254272248 0.07757688731299645 0.06839015065751006
0 0.5677130029334997 0.3126926470798046 0.07043164769206257 0.05307892289836609
0 0.5457669098120599 0.386186540323696 0.06328640807112869 0.08778437248575927
0 0.5217790892089124 0.5056141265339592 0.07859763583027267 0.07349389324389144
0 0.5176963255869624 0.5857428754512066 0.0990126061757983 0.07247314472661515
0 0.6059911964182895 0.373427222613502 0.06328640807112862 0.07655613879572015
0 0.6636633635574691 0.3433151025980926 0.08472212693393047 0.07553539027844387
0 0.6361025686097694 0.2779876625615252 0.07451464176116779 0.06328640807112876
0 0.6631529892988308 0.22694977162859792 0.07145239620933871 0.08370137841665408
0 0.7238875260767688 0.2938087995101936 0.07451464176116772 0.06226565955385244
0 0.7131696666453681 0.3790413007027621 0.06532790510568134 0.07961838434754903
0 0.7713523321301153 0.39792514827237313 0.06124491103657604 0.06839015065751006
0 0.8013434705150607 0.33217458948375717 0.06610676787354819 0.06346184922253556
0 0.6463106387637726 0.4622323048607781 0.07247314472661522 0.06430715658840491
0 0.6095636921418267 0.5122489822073152 0.07451464176116758 0.0847221269339304
0 0.6090533178831886 0.5857428754512066 0.07145239620933871 0.056141168450194956
0 0.683057585385718 0.4984688772240855 0.07451464176116772 0.06532790510568126
0 0.6621321876014418 0.5566515136420133 0.07349389324389137 0.053078922898366014
0 0.7320535142149791 0.44947294839482466 0.06430715658840498 0.053078922898365875
0 0.7478751162327612 0.5122489822073153 0.06328640807112862 0.07655613879572015
0 0.727460145887236 0.5602241625192999 0.07145239620933878 0.06022416251929997
0 0.6922443220412046 0.6178964537454091 0.07655613879572015 0.059203414002023676
0 0.7611448469573527 0.6291246874354481 0.061244911036576186 0.059203414002023606
0 0.5983354584517877 0.6357595527977439 0.06634865362295755 0.039809192173774474
0 0.5478084777534293 0.6597473657993532 0.05920341400202376 0.05920341400202376
0 0.4926879869136938 0.6413736696427634 0.07145239620933878 0.0428714377256032
0 0.5107086579720663 0.6997833808047502 0.07427275601175828 0.044067627394286574
0 0.6033182581634644 0.6924988160822804 0.07067353344147215 0.05529586108432525
0 0.6711980345623352 0.6994585311246633 0.06352829382053819 0.06309080006543287
0 0.7295016429217884 0.6612782657296506 0.06532790510568105 0.0520581743810898
0 0.8338221413874234 0.4065148659624554 0.07186069561624947 0.07073787224724555
0 0.903437190265665 0.3660932246783151 0.06736940214023363 0.08196610593728451
0 0.9519365996735079 0.44998477184357155 0.05277269834318304 0.08982586952031177
0 0.8972616617361436 0.46546309283515996 0.09094869288931562 0.06736940214023385
0 0.8079972039003337 0.48118262000121453 0.07859763583027274 0.07859763583027274
0 0.7967689702102948 0.5580960207779815 0.06736940214023363 0.07298351898525332
0 0.8113656740073455 0.6046931905916432 0.06961504887824148 0.07186069561624926
0 0.8658226074040346 0.5244113197078646 0.05726399181919859 0.05052705160517526
0 0.93656047965128 0.5474291987724444 0.061755285295214436 0.06736940214023378
0 0.8865948397306065 0.5816753115270632 0.06961504887824148 0.06400093203322214
0 0.947788713341319 0.6041317789071412 0.06624657877122984 0.05052705160517533
0 0.8916475448911243 0.6423077734532737 0.06624657877123 0.05052705160517519
0 0.8472960218154703 0.6647642408333516 0.06961504887824177 0.057263991819198806
0 0.7889092066272676 0.6782381212613984 0.06287810866421807 0.0752291657232611
0 0.7411892134446019 0.7270809378130678 0.055018345081190884 0.05614116845019467
0 0.45022646787333076 0.6937754448171192 0.046397659876194056 0.05753309824648056
0 0.41728412936123294 0.7429569642858849 0.026910642728192543 0.0408299406910507
0 0.4660016722312366 0.7842508815756974 0.061244911036576116 0.06402877062914783
0 0.4636817892374269 0.8478156756060835 0.06959648981429105 0.05010947266628975
0 0.40893255058351796 0.834824330840749 0.05474923865390892 0.06310081743162385
0 0.5467336004158143 0.8561672543837983 0.05753309824648063 0.05382128545638494
0 0.5768920793353405 0.8301845648531299 0.06217286423410009 0.06310081743162399
0 0.5945231900882942 0.8710145055441805 0.05103742586381344 0.0556771918514329
0 0.4836327829841904 0.7499166132673138 0.044541753481146175 0.05289333225886139
0 0.5300303139388991 0.7564118804761317 0.05567719185143297 0.06031695783905236
0 0.5611168749774346 0.7239339237366452 0.05474923865390892 0.04918151946876577
0 0.5806038921254361 0.7768272559955065 0.047325613073718104 0.07145239620933892
0 0.6334970954628117 0.7508445664648378 0.06588467702419556 0.05289333225886125
0 0.6339610720615739 0.8037378634911905 0.059389004641528374 0.05289333225886111
0 0.6386009669706786 0.8501355585998931 0.06866853661676707 0.04175789388857467
0 0.6483444755446794 0.8960692418773252 0.06217286423410009 0.04082994069105084
0 0.6924218737201966 0.755020298600869 0.05938889183523626 0.057533124670861954
0 0.690102369433254 0.8148733370939856 0.05289333225886125 0.05474923865390906
0 0.6947421354208734 0.8645188331615132 0.04361380028362248 0.0408299406910507
0 0.7081974567849697 0.8993170780686589 0.061244911036576186 0.039901987493527004
0 0.7406758186983055 0.8343603542419871 0.06866853661676714 0.05660514504895673
0 0.7541311400624018 0.8812219907169433 0.05103742586381344 0.053821285456385086
0 0.7485634208772585 0.937363159167138 0.05846105144400468 0.04175789388857453
0 0.9749450863998114 0.5058647637722443 0.042686201620181434 0.07516452609201196
0 0.983760819043332 0.5796372015216817 0.032478361913335904 0.06866853661676721
0 0.9846887722408556 0.6487696971209566 0.030622455518288093 0.05474923865390906
0 0.9851527488396178 0.6974872576072148 0.029694502320764114 0.05753309824648056
0 0.9452509547283188 0.665472837060132 0.053821285456385086 0.0640287706291479
0 0.8891095928958961 0.6882077256319757 0.05846105144400454 0.05010947266628975
0 0.8445678394147498 0.7281097131255027 0.06402877062914769 0.0482535662712418
0 0.7953863199459841 0.7411010578908371 0.06402877062914783 0.046397659876194125
0 0.7559483090512191 0.7745073730016969 0.06124491103657604 0.05010947266628946
0 0.7977062029397938 0.8023459689274133 0.05753309824648056 0.051965379061337275
0 0.8519914649949407 0.7930664369521745 0.06217286423410002 0.061244911036576186
0 0.8867897099020865 0.7373892451007416 0.06866853661676728 0.0575330982464807
0 0.9415389485559953 0.7137264385638826 0.06495672382667167 0.04546970667867001
0 0.9582421061114254 0.7694036304153156 0.05938900464152823 0.06402877062914783
0 0.9021010021219732 0.8018820716017959 0.07145239620933892 0.0658846770241955
0 0.9652017550928543 0.835752284038273 0.05289333225886139 0.05938900464152851
0 0.920660001611708 0.8589511139763701 0.05660514504895673 0.0575330982464807
0 0.859879067173894 0.8533833947912268 0.06495672382667167 0.0482535662712418
0 0.7949223433472221 0.8663747395565611 0.05567719185143275 0.061244911036576186
0 0.8116254767298714 0.9021009200449752 0.05196533071578432 0.0454697419111771
0 0.8598786642942519 0.8951411917904025 0.07980397498705372 0.038974034296003025
0 0.8004902559145932 0.9471067117817705 0.06124458873286347 0.04639765987619373
0 0.8594153806484733 0.9350431308392295 0.054749818800594374 0.044542044149341306
0 0.9095245632414215 0.9118444462352312 0.06217286423410002 0.0408299406910507
