0 0.33725135623869806 0.581374321880651 0.15009041591320074 0.17179023508137434
0 0.4502712477396021 0.7332730560578662 0.10488245931283906 0.16817359855334543
0 0.3309222423146474 0.903254972875226 0.18083182640144663 0.16817359855334543
0 0.5024982197159669 0.9231464737793851 0.12339415731309337 0.1537070524412296
0 0.5723327305605787 0.5126582278481012 0.12115732368896921 0.17179023508137434
0 0.6889690697794836 0.5099459220975596 0.10126582278481024 0.15189873417721514
0 0.7061482820976491 0.3309222423146474 0.12115732368896928 0.1518987341772152
0 0.8047016274864376 0.43128390596745025 0.09041591320072329 0.15732368896925863
0 0.845388788426763 0.515370705244123 0.08137432188065091 0.09041591320072342
0 0.9412296564195298 0.3282097649186257 0.09945750452079566 0.12477396021699821
0 0.9403254972875226 0.4945750452079566 0.09041591320072329 0.10307414104882469
0 0.5732368896925858 0.7613019891500905 0.11211573236889691 0.15913200723327292
0 0.6609403254972875 0.7396021699819169 0.12477396021699824 0.16998191681735988
0 0.7540687160940326 0.7757685352622061 0.10849909584086788 0.166365280289331
0 0.8028931032478471 0.6193489367667627 0.07233231861142679 0.13924036901273004
0 0.9041591320072334 0.6916817359855335 0.09041591320072329 0.1139240506329115
0 0.9385171790235083 0.5940325497287522 0.0867992766726944 0.1139240506329115
0 0.9746835443037974 0.72875226039783 0.05063291139240505 0.1338155515370704
0 0.918625729612993 0.9104891556523281 0.07233273056057868 0.09584086799276675
0 0.8173589456134945 0.8499098415550195 0.09041591320072342 0.11573236889692597
0 0.9204339963833635 0.8227848101265823 0.09403254972875232 0.07956600361663646
0 0.7845958689022237 0.9547920433996384 0.14062030923301877 0.09041591320072329
0 0.5940325497287523 0.8896925858951176 0.09584086799276668 0.10849909584086802
0 0.6308888164609939 0.9620253164556962 0.08361115550477499 0.07594936708860757
