0 0.1510251450676983 0.5437352245862884 0.1006834300451322 0.1938534278959812
0 0.29103803997421024 0.7919621749408984 0.08495164410058031 0.12765957446808499
0 0.773217279174726 0.7919621749408984 0.1022566086395875 0.132387706855792
0 0.5466795615731787 0.8108747044917257 0.07393939393939399 0.1087470449172578
0 0.44363636363636366 0.739952718676123 0.07551257253384919 0.1749408983451535
0 0.5403868471953579 0.3215130023640662 0.0896711798839459 0.14657210401891252
0 0.33744680851063835 0.34397163120567376 0.099110251450677 0.1631205673758865
0 0.4334107027724049 0.5638297872340425 0.10540296582849777 0.12529550827423172
0 0.2509219858156029 0.5874704491725768 0.08967117988394584 0.13947990543735223
0 0.36576402321083173 0.6631205673758864 0.06135396518375245 0.11583924349881798
0 0.25642811089619605 0.46453900709219853 0.07236621534493878 0.08747044917257675
0 0.3169954867827207 0.6560283687943257 0.03618310767246932 0.0874704491725757
