0 0.020642201834862386 0.3020698485957112 0.04128440366972477 0.1155935160691169
0 0.022935779816513763 0.41457928058338495 0.045871559633027525 0.09122754791185905
0 0.0636467889908257 0.4209348792705578 0.05160550458715596 0.09160240896043227
0 0.10607798165137615 0.29770782912140487 0.03784403669724771 0.07633534080036021
0 0.10034403669724772 0.2082864298981257 0.04243119266055047 0.08069736027466651
0 0.13073394495412843 0.3653191309731525 0.03440366972477065 0.07197332132605382
0 0.11238532110091742 0.43402093769347666 0.03899082568807339 0.07851635053751338
0 0.13818807339449543 0.47764113243653966 0.040137614678899085 0.07851635053751338
0 0.17087155963302753 0.5354378904710981 0.04816513761467888 0.08069736027466654
0 0.16972477064220182 0.32278944109866614 0.04357798165137614 0.09160240896043227
0 0.18577981651376146 0.04362019474306298 0.04357798165137616 0.07851635053751337
0 0.2305045871559633 0.2224629931896212 0.052752293577981675 0.09596442843473853
0 0.22247706422018346 0.446016491247819 0.06192660550458715 0.11995553554342316
0 0.2666284403669725 0.2813502560927562 0.04472477064220179 0.0916024089604322
0 0.2717889908256881 0.11123149659481062 0.04816513761467888 0.09596442843473857
0 0.29931189578198647 0.2431802196266993 0.03669724770642205 0.08505937974897286
0 0.28440366972477066 0.3958532672932965 0.05504587155963304 0.07633534080036021
0 0.3256880733944954 0.3369660043901615 0.04357798165137613 0.09814543817189168
0 0.3629587155963303 0.2104674396352789 0.04472477064220186 0.102507457646198
0 0.38188071339594215 0.27916451422384936 0.032110091743119254 0.07851635053751338
0 0.3646788990825688 0.31951792649293637 0.03899082568807337 0.08942139922327914
0 0.42488532110091737 0.22900602240108064 0.04013761467889914 0.09160240896043227
0 0.46387614678899086 0.11668402093769348 0.047018348623853116 0.1155935160691169
0 0.41685779816513757 0.3718621601846119 0.0538990825688073 0.08942139922327912
0 0.45699541284403666 0.3369660043901616 0.044724770642201934 0.08505937974897282
0 0.4845183486238532 0.351142567681657 0.0538990825688073 0.07851635053751338
0 0.4352064220183486 0.4885461811223054 0.04472477064220179 0.0959644284347386
0 0.49082568807339455 0.5474334440254404 0.052752293577981606 0.10905048685765742
0 0.5452981651376148 0.36095711149884613 0.04931192660550458 0.12431755501772951
0 0.5666252531020647 0.48388196494097246 0.04670663691513766 0.07947819714006314
0 0.5850620834633032 0.3646646692308778 0.04424839286697257 0.06545263293887552
0 0.6022697918004593 0.30154963032553356 0.0540813690596331 0.0888285732741882
0 0.6071862798967895 0.4651812126727223 0.039331904770642225 0.10752932554243827
0 0.6502055507396796 0.49089474704156627 0.041790148818807396 0.08415338520712559
0 0.6575802828841749 0.33661354082850253 0.041790148818807396 0.08415338520712559
0 0.6833918453899088 0.42310452006915944 0.039331904770642155 0.09817894940831323
0 0.7190363840883035 0.4347924902368158 0.046706636915137524 0.08415338520712566
0 0.7423897025458723 0.35297669906322143 0.049164880963302696 0.08882857327418815
0 0.7804924852924319 0.5446594098127854 0.061456101204128685 0.09817894940831323
0 0.7841798513646796 0.36933985729794033 0.04424839286697235 0.08415338520712566
0 0.8099914138704136 0.3249255706608462 0.061456101204128546 0.07947819714006314
0 0.845635952568808 0.4418052723374096 0.039331904770642294 0.0888285732741882
0 0.8026166817259182 0.4231045200691595 0.04179014881880733 0.07012782100593803
0 0.8542398067373861 0.3062248183925961 0.041790148818807465 0.07947819714006311
0 0.8591562948337164 0.19168271074956394 0.0614561012041284 0.08415338520712563
0 0.8886552234116981 0.4207669260356282 0.04179014881880733 0.07480300907300055
0 0.9034046877006889 0.3296007587279087 0.041790148818807465 0.09817894940831323
0 0.9206123960378448 0.2524601556213769 0.04670663691513766 0.08415338520712566
0 0.9439657144954137 0.17999474058190765 0.049164880963302696 0.07947819714006311
0 0.9451948365194963 0.4815443709074412 0.051623125011468006 0.10285413747537575
0 0.9867323215366978 0.5053220852172671 0.026535356926604692 0.10365768542440207
0 0.9842740774885326 0.36506644320539094 0.031451845022935035 0.10365768542440218
