0 0.16386993048661214 0.7727894653468195 0.05427072341290476 0.047535338989338954
0 0.16128561032409286 0.8117684433180776 0.06073152381920293 0.03549305311203966
0 0.18454449178676632 0.741099239353927 0.056855043575423994 0.06401425650564306
0 0.2129720135744783 0.7147963517798261 0.04780992300660653 0.06338045198578528
0 0.24753729574817368 0.6872258551660095 0.05620896353479424 0.05387338418791742
0 0.2833947380031286 0.6558525314330459 0.055562883494164376 0.04690153446948095
0 0.32894338086753067 0.6482468771947516 0.04716384296597674 0.062112842946069405
0 0.38224498421949077 0.6434933432958178 0.06202368390046253 0.046267729949623304
0 0.3929053048898828 0.600077733685555 0.054916803453534585 0.048169143509196745
0 0.2740265774139962 0.745535870992932 0.05104032320975566 0.050070557068770255
0 0.2601358565404551 0.7800782173251849 0.06073152381920295 0.0456339254297653
0 0.20974154911672552 0.7816627948015923 0.03747264235652942 0.048802948029054674
0 0.20586516168515204 0.8215925156490533 0.051686403250385524 0.04119729379076034
0 0.21458721367605293 0.8589868800474875 0.05362464337227497 0.048802948029054535
0 0.24301473546376492 0.8906771060403801 0.06008544377857316 0.048802948029054535
0 0.28824033830785223 0.8871911811811618 0.0562089635347942 0.03549305311203966
0 0.2808104178406093 0.8494798122496198 0.055562883494164446 0.039929684751044615
0 0.25658235206238733 0.8158881185525292 0.04974816312849601 0.03485924859218173
0 0.2892094583687969 0.8187402930365139 0.055562883494164376 0.03802827119147125
0 0.31149926974632863 0.7807120820057364 0.04587168288471716 0.036760662151755386
0 0.34606443055021674 0.7677190893486505 0.04393344276282768 0.05133816610848612
0 0.3270051407456414 0.7331766828557039 0.04716384296597674 0.04309870735033414
0 0.3308816209894202 0.6954653139241617 0.054916803453534516 0.04626772994962309
0 0.3751381037725628 0.7265217353971962 0.058147203656683646 0.0500705570687704
0 0.39258226486956793 0.6745497647688525 0.05297856333164504 0.050070557068770255
0 0.43554658757145076 0.7170146675993285 0.05750112361605389 0.04119729379076034
0 0.3835371443007504 0.7832472399244742 0.038764802437789146 0.04309870735033385
0 0.3399267415582377 0.8076487139390014 0.05362464337227497 0.041197293790760196
0 0.3231286605018624 0.8406065489716099 0.05879328369731343 0.037394466671613176
0 0.3337889811722544 0.8894094970006643 0.058147203656683646 0.04246490283047606
0 0.3783685039757118 0.8944799331595271 0.046517762925346984 0.04119729379076034
0 0.3754611437928777 0.8615220981269189 0.053624643372275 0.04119729379076048
0 0.3815989184576618 0.8279304405262454 0.05039424316912586 0.03992963662248887
0 0.4232710667994843 0.8802193314627255 0.04587168288471709 0.04436631639004972
0 0.45234466862782613 0.8380713308921783 0.04716384296597674 0.04500012090990737
0 0.46558930946073745 0.877684113383294 0.051686403250385454 0.03422544407232408
0 0.4962781328088549 0.8580362334283944 0.044579522803457436 0.046901534469481164
0 0.48594083074057665 0.8155712704372245 0.04845600304723646 0.03802827119147125
0 0.43263922738861665 0.8000430597007073 0.04522560284408719 0.04246490283047606
0 0.4232710667994843 0.764233128393016 0.049748163128496045 0.038028271191471105
0 0.4617128292169585 0.7426837506535716 0.05297856333164511 0.038028271191471105
0 0.47463443002955485 0.7810289241049716 0.05427072341290476 0.04246490283047606
0 0.4911094710656152 0.7078245020613898 0.05104032320975563 0.04436631639004958
0 0.4487912641013642 0.6767681888776036 0.0568550435754242 0.048169143509196745
0 0.498862431553173 0.6485637794546807 0.06008544377857305 0.05260577514820177
0 0.4830334705577424 0.599760831425626 0.06590016414424149 0.048802948029054605
0 0.5389236036086192 0.6067871487199876 0.03812714146995432 0.04764427414118955
0 0.5915749173835521 0.5886692523281136 0.06719232422550114 0.04690153446948102
0 0.6254941195166174 0.565218485093373 0.052332483291015065 0.05197197062834391
0 0.6781496428279477 0.5664860941330887 0.06202368390046246 0.049436752548912465
0 0.7417885268299846 0.5778945754905301 0.060085443778573194 0.05831001582692231
0 0.7769998890443099 0.5991270269057682 0.051686403250385524 0.05767621130706452
0 0.8122112512586349 0.6362045913174526 0.06525408410361166 0.050704361588628115
0 0.6309857927225705 0.6178242722737136 0.058147203656683646 0.04309870735033392
0 0.5799454766522152 0.6270144257795136 0.05297856333164504 0.04246490283047606
0 0.5405345941737963 0.6536342156135434 0.05556288349416434 0.04500012090990737
0 0.5505488348035584 0.702120261382669 0.04845600304723646 0.05197197062834391
0 0.5547483550676523 0.741416141613856 0.051686403250385454 0.036760662151755386
0 0.5082305921423054 0.7490217958521501 0.04910208308786615 0.04056348927090255
0 0.5259978075384261 0.7899022054311896 0.05233248329101535 0.04246490283047606
0 0.573807716266232 0.7841979467042609 0.044579522803457367 0.046267729949623373
0 0.6032043581148887 0.7540922320110129 0.051686403250385385 0.049436752548912465
0 0.5928670774648116 0.702437163642598 0.051686403250385454 0.05387338418791742
0 0.5980357177898502 0.6587046517724062 0.05427072341290483 0.04626772994962323
0 0.6493990810199207 0.6748666670287815 0.05750112361605382 0.04183109831061827
0 0.6813800430310968 0.6232115986603666 0.0620236839004626 0.0538733841879175
0 0.7230522056517199 0.6640919901911979 0.06008544377857305 0.04436631639004972
0 0.7369429265252612 0.6232115986603666 0.05556288349416448 0.04626772994962316
0 0.7834606894506081 0.6748666189002265 0.05556288349416448 0.04183109831061827
0 0.8303014923962699 0.6634581856713402 0.05491680345353444 0.039295880231186825
0 0.8393466129650874 0.6980005320035931 0.05879328369731354 0.047535338989338954
0 0.6406770004714182 0.7208174947184758 0.05039424316912587 0.04373251187019179
0 0.6826722031123563 0.707190697541532 0.05685504357542413 0.038028271191471105
0 0.7004394042296763 0.7277893444369121 0.0613776038598327 0.03485924859218173
0 0.7411424467893549 0.7081414043213187 0.05104032320975563 0.03866207571132904
0 0.7899214470205037 0.7163807969027076 0.04522560284408741 0.04373251187019179
0 0.8183489902264168 0.7553598410507285 0.038764802437789 0.05450718870777521
0 0.8393466129650872 0.75789505913016 0.004522560284408854 0.0012676090397157225
0 0.7194987654282561 0.7702542111709721 0.05943936373794344 0.04500012090990751
0 0.6468145966511918 0.7645500065886676 0.06266976394109236 0.03866207571132918
0 0.7776460333395434 0.7670853028770006 0.05556288349416434 0.046267729949623373
0 0.5537792350067076 0.8184150050607255 0.0613776038598327 0.036126857631897595
0 0.5589478753317462 0.8482038174940445 0.05750112361605389 0.03485924859218187
0 0.5130762067258299 0.9014434693549365 0.049748163128496045 0.03485924859218173
0 0.5541022750270226 0.8985912768227436 0.04910208308786622 0.0456339254297653
0 0.5663777957989892 0.9413730819131487 0.06590016414424149 0.05387338418791742
0 0.6006199594189647 0.9096828920166723 0.04910208308786622 0.05133816610848612
0 0.6267863367130804 0.8643658748629054 0.05491680345353437 0.05450718870777521
0 0.601589136595113 0.816830565953913 0.053624643372275 0.03549305311203966
0 0.6368005202276392 0.8019360875444212 0.052978563331645176 0.04373251187019179
0 0.6639358819340916 0.8238023434795171 0.04910208308786615 0.04309870735033371
0 0.6526294740836694 0.9144364800602304 0.057501123616053675 0.043098707350334
0 0.6733040996384274 0.876724984791232 0.039410882478418896 0.04119729379076034
0 0.6846104432342457 0.8482038174940445 0.04522560284408726 0.037394466671613315
0 0.7059310845750297 0.8776757276674345 0.04134912260030845 0.02915500791346133
0 0.7317742862002226 0.8586615920716991 0.043933442762827755 0.04183109831061827
0 0.7728003687802161 0.846302403934471 0.03941088247841904 0.05133816610848612
0 0.7411424467893549 0.82887277963838 0.05491680345353444 0.03422544407232408
0 0.7065771646156597 0.8041544033639237 0.05297856333164504 0.036760662151755524
0 0.7576174878254153 0.7981332604252742 0.05039424316912587 0.03232403051275057
0 0.7934749300803702 0.8225347344398015 0.04070304255967855 0.048169143509196884
