0 0.2386980108499096 0.3164556962025316 0.10488245931283903 0.15913200723327303
0 0.18444846292947556 0.4412296564195299 0.14828209764918623 0.13019891500904157
0 0.2884268146039514 0.43037950653177093 0.13924050632911392 0.1446654611211573
0 0.14828209764918626 0.5406871609403255 0.12296564195298373 0.13381555153707056
0 0.24773960216998192 0.5714285714285715 0.0867992766726944 0.11211573236889691
0 0.33634719710669075 0.5660036166365281 0.10126582278481017 0.1410488245931284
0 0.11573236889692584 0.6500904159132007 0.09764918625678116 0.13200723327305602
0 0.19981916817359857 0.666365280289331 0.08860759493670885 0.15009041591320071
0 0.2857142857142857 0.6726943942133815 0.09764918625678116 0.1265822784810126
0 0.3987341772151899 0.6971066907775768 0.1320072332730561 0.142857142857143
