0 0.0596745027124774 0.379746835443038 0.11211573236889694 0.11573236889692588
0 0.0705244122965642 0.4656419529837251 0.10849909584086799 0.06690777576853528
0 0.0433996383363472 0.5289330922242315 0.07233273056057866 0.05244122965641956
0 0.09584086799276673 0.5759493670886076 0.07956600361663653 0.08499095840868001
0 0.17269439421338156 0.4764918625678119 0.07775768535262208 0.08499095840867994
0 0.21157301375056853 0.42766732093306536 0.09403254972875227 0.11392405063291136
0 0.28571411406880565 0.40054256413739636 0.07594936708860761 0.09584086799276668
0 0.32730560578661844 0.4773960216998192 0.0976491862567812 0.12296564195298366
0 0.2070524412296564 0.5334538878842676 0.10307414104882456 0.0867992766726944
0 0.2576853526220615 0.6021699819168174 0.0922242314647378 0.1157323688969258
0 0.1853526220614828 0.655515370705244 0.08860759493670887 0.07775768535262202
0 0.21428571428571427 0.7260397830018084 0.10307414104882455 0.07414104882459313
0 0.352622061482821 0.7052441229656421 0.08679927667269435 0.07956600361663661
0 0.28119349005424954 0.7613019891500903 0.10669077757685351 0.07594936708860743
0 0.37070536427480166 0.8354433297719999 0.08679927667269442 0.0831826401446655
0 0.403254972875226 0.7685352622061482 0.0867992766726944 0.1012658227848101
0 0.35171790235081374 0.593128390596745 0.09222423146473777 0.10849909584086809
0 0.4466546112115733 0.6103074141048824 0.13019891500904165 0.10669077757685358
0 0.43037974683544306 0.48282097649186256 0.09403254972875225 0.10849909584086795
0 0.5433996383363472 0.5732368896925859 0.10669077757685358 0.1265822784810126
0 0.6518987341772151 0.5144665461121157 0.11754068716094039 0.11030741410488247
0 0.5018083182640144 0.6934900542495478 0.11392405063291143 0.07775768535262202
0 0.5099457504520796 0.7640144665461122 0.11211573236889684 0.09222423146473786
0 0.5958408679927667 0.7486437613019891 0.10669077757685344 0.1012658227848101
0 0.6401446654611211 0.8481012658227847 0.10849909584086802 0.0976491862567812
0 0.6564195298372514 0.6916817359855335 0.11211573236889699 0.10307414104882455
0 0.7631103074141049 0.7495479204339963 0.15189873417721528 0.0994575045207955
