0 0.2266994541845645 0.5909556977321506 0.0647712726241613 0.0834290396798329
0 0.07479539814932909 0.5643047545010929 0.0601447531510069 0.09965135295091165
0 0.30689245838590706 0.8458777634205292 0.05551823367785254 0.0834290396798329
0 0.6331596386636198 0.43656653952031477 0.05416911653720455 0.06672268676758591
0 0.8091861495776566 0.24162535703964186 0.03202470216878477 0.05213493180938329
0 0.7888371200745745 0.23661238282720176 0.006004631656647064 0.004010379369952553
0 0.6407228725439444 0.16342295932556733 0.0580447726809227 0.08421796676900405
0 0.630047971821016 0.23761497766968995 0.0500385971387265 0.04812455243943088
0 0.7041050955863313 0.043111578226990147 0.06871967340385098 0.056145311179336
0 0.683756066083249 0.13535030373589932 0.056043228795373635 0.056145311179336035
0 0.721118218613498 0.10426986361876688 0.06138067915683777 0.062160880234264866
0 0.012563807664154018 0.05608172251286916 0.025127615328308036 0.09598055459181626
0 0.05967808640473129 0.052594322109164746 0.06910094215284676 0.09709748620569529
0 0.0291659820775004 0.15238888491943253 0.049357815823462214 0.08361160057526386
0 0.057883256738423865 0.1476688752095386 0.05474230482238536 0.07417158115547602
0 0.029614689494077327 0.2273506462718774 0.059229378988154655 0.07663694337001882
0 0.020191833745961816 0.29545364351463266 0.04038366749192363 0.08877411119546039
0 0.01297914014891944 0.6026721460266385 0.02595828029783888 0.08581835836170768
0 0.047837402263160224 0.6004430977575034 0.03930825302244174 0.06798597220862568
0 0.02336245226805499 0.6752119941913493 0.04672490453610998 0.08116870298780839
0 0.05933321210934603 0.6779025251099537 0.04004991817380857 0.06687144807405801
0 0.09270814392085315 0.6489248976111955 0.06229987271481331 0.07355859288146391
0 0.1353538901244456 0.6845896699173596 0.042274913627909035 0.07578764115059912
0 0.1798537992064551 0.6517112079476144 0.06007487726071288 0.08804740663084303
0 0.11013727497797353 0.5647783254513391 0.06304153786618012 0.06798597220862568
0 0.1798537992064551 0.595427739151949 0.05859154695797917 0.06018430326665225
0 0.01705829848143693 0.753115326536225 0.03411659696287386 0.07467325663894303
0 0.05525405377682848 0.7570337386642558 0.05117489544431093 0.06910049634319321
0 0.08825815301265219 0.726384324963646 0.0533998908984114 0.0702150204777611
0 0.12348728174341397 0.7464458257067434 0.04672483645443397 0.07244420138866188
0 0.2039581255128347 0.7230406792578954 0.03263338735038409 0.07244421535095025
0 0.2306578620750826 0.6985212215994551 0.04004991817380851 0.08136026182343727
0 0.2766411014598258 0.6918340767920492 0.04301657877927582 0.09250550316911373
0 0.24919949085925325 0.7431021869821605 0.04004991817380855 0.04792453778640805
0 0.16205382938440802 0.7642781455389455 0.03634159241697445 0.08358931009257248
0 0.10309145603998872 0.8010574419796774 0.04301657877927587 0.07467311701603137
0 0.1479621976976816 0.8172180419309081 0.04375824393064269 0.06687144807405815
0 0.19023711132559065 0.8283632832765844 0.04820823483884361 0.07132954461232856
0 0.21100375722621273 0.7787669069297302 0.04820827816354706 0.061298932118396925
0 0.020895900207555176 0.8337843420648572 0.03399066433762309 0.0728501876088535
0 0.05237905652027163 0.8404832098909587 0.037891232376366706 0.08289848934800574
0 0.013373376132835313 0.8807483773417931 0.026746752265670626 0.06600739879430066
0 0.01922422819095076 0.9556919611463036 0.03844845638190152 0.07885561794514373
0 0.041513188412342944 0.9660869816303613 0.0373340083708319 0.06447660282622678
0 0.06630965665864176 0.9263124539128839 0.033433440332088296 0.07703698000016686
0 0.10225060501563668 0.964412264673836 0.0328762163265535 0.06112716891317604
0 0.10113615700456706 0.8982609448910839 0.044020696437249575 0.07452490456537887
0 0.12648986785668087 0.8639292499048339 0.042348987220084615 0.0711754758973647
0 0.1680030376687436 0.8877939639128004 0.04290624842617994 0.04856679173923567
0 0.15518688554144308 0.9409662272824808 0.0328762163265535 0.06112716891317604
0 0.18639142985139215 0.9702737740216747 0.048478488481528005 0.05777773500012515
0 0.2156456901419694 0.9124960390215494 0.04012012839850595 0.0845732063045311
0 0.2362629783467572 0.8681160396736272 0.042349024420645164 0.07452490456537887
0 0.2738755987203565 0.9037037749997916 0.0440206964372496 0.07033811217406552
0 0.24991496648235986 0.9455716989129257 0.03956290439297106 0.06866339521754
0 0.22874045427203732 0.9819967927173523 0.052936280525806435 0.02595811282614335
0 0.292546233500413 0.9698550947825433 0.04234176323136403 0.06028981043491328
0 0.33127330188508197 0.9652496231520986 0.05740133375936601 0.06950075369580276
0 0.3332199553098132 0.9011916995650031 0.0278612002767402 0.07703698000016701
0 0.2699750306816129 0.8011273614126125 0.048478488481528074 0.05777773500012529
0 0.9718538211219641 0.950960922720504 0.04976573165671382 0.09072226455380558
0 0.9600242483413283 0.8626906266212674 0.07831983998433671 0.11033788932219579
0 0.9698142283393704 0.7646125027793157 0.058739879988252426 0.09562617074590292
0 0.985315030002937 0.7167994174063642 0.024474949995105248 0.10543398313009816
0 0.9632875750073421 0.6597915079232298 0.055476553322238546 0.09440019419787837
0 0.9180089004959788 0.611365441955526 0.0579240483217491 0.09072226455380537
0 0.8641640275271659 0.617495317016388 0.05139739498972119 0.08336640526565901
0 0.8119508008709415 0.6273031294005833 0.05466072165573507 0.08091445216961027
0 0.7548425842156959 0.6279161176745953 0.06608236498678409 0.10175605348602502
0 0.7430130250513952 0.7118955112142666 0.06689819665328756 0.09317421764985426
0 0.7328151292201014 0.7995528343980111 0.06934569165279825 0.11156386587022013
0 0.751579257549682 0.8945660168699018 0.0579240483217491 0.07601054597751258
0 0.7740146283785285 0.960155762189207 0.06363486998727354 0.06988066323739062
0 0.819293285869473 0.9086647471721824 0.05302905832272813 0.07723652252553691
0 0.8523344683628652 0.8688205093613894 0.06526653332028076 0.09807812384195173
0 0.864164027527166 0.9497349615309997 0.05629238498874201 0.09562617074590278
0 0.9147509064039967 0.9638336918332803 0.041596783884452294 0.07233261633343943
0 0.9131139275173764 0.8657555679913284 0.05302905832272813 0.07968847562158586
0 0.9041397791858379 0.7793242213556084 0.06281903832076992 0.10053007693800041
0 0.8433603200313265 0.7915839868358525 0.04894989999021064 0.08336640526565929
0 0.784620440043074 0.8308152363726332 0.05221322665622466 0.08581835836170768
0 0.7944104455717448 0.7529657985260546 0.04568662438545282 0.08704448081567381
0 0.8266357708680048 0.7161864291323519 0.05955571165475618 0.08459238181368349
0 0.8780331658577256 0.703926663652108 0.04813406832370688 0.07723652252553691
0 0.9233118488792991 0.7057657091063747 0.05058166884981438 0.09562639344444593
0 0.6321453121661968 0.3593116144824717 0.04961760905665251 0.06556312106835797
0 0.6582373307218503 0.3091751101360803 0.03507451674694423 0.06813422385535248
0 0.6736358990497768 0.2455403161579681 0.03165261267407161 0.06427756967486072
0 0.7040052976965211 0.20954487714004608 0.03764094480159841 0.07713308360983291
0 0.7360856483797016 0.17097833533512963 0.04362927692912549 0.061706466887866365
0 0.6723526850224496 0.49236618370943347 0.03764094480159841 0.051422055739888534
0 0.6903176814050309 0.5444310151460706 0.04106284887447103 0.04756540155939696
0 0.7159819619515753 0.5739986971965066 0.022242376473671898 0.0655631210683579
0 0.8053792058553717 0.555358201990797 0.038496420819816565 0.07713308360983298
0 0.7754375452177364 0.5315755012110985 0.04534022896556181 0.06556312106835797
0 0.7395075524525743 0.5264332956371096 0.033363564710507915 0.06813422385535241
0 0.7142710099151389 0.4994367163736681 0.04448475294734365 0.06299201828136361
0 0.6881789913594855 0.44480078215003643 0.04876213303843428 0.06427756967486076
0 0.6783410171499767 0.3798804367784271 0.03764094480159841 0.06813422385535241
0 0.697161489550776 0.3342433623092759 0.03935189683803486 0.08484639197081624
0 0.7164097983490214 0.28089303503798185 0.03165261267407146 0.057849812707374715
0 0.8473008021602676 0.5437881144419312 0.03165261267407153 0.056564261313877325
0 0.7121323198695936 0.39466427780364505 0.02480880452832622 0.06427756967486076
0 0.7446404085618832 0.3805232124751757 0.04362927692912564 0.07199087803584404
0 0.7305250542612838 0.4563707446915114 0.034219040728725926 0.06941977524884962
0 0.7698769510993185 0.4615129502655002 0.04448475294734351 0.06941977524884962
0 0.7852755194272453 0.3965926048938908 0.03764094480159841 0.07070532664234683
0 0.7993908737278446 0.33360058661252734 0.04020737285625287 0.07070532664234683
0 0.7420739805072287 0.31046066152957746 0.03678546878338025 0.06813422385535241
0 0.7750098809998802 0.2744653197396259 0.034219040728725926 0.07841863500333016
0 0.7429291244648093 0.24039861061354173 0.03336356471050763 0.0771330836098329
0 0.772443379153973 0.19090438193433645 0.03764094480159855 0.08098973779032458
0 0.7771484972541727 0.12148460668548683 0.02994166063763515 0.08356084057731898
0 0.7579002868442645 0.060420915494369114 0.0427738009109072 0.07713308360983291
0 0.8036682538189354 0.07970418639682735 0.04362927692912564 0.07713308360983291
0 0.8053792058553715 0.1459100831619339 0.04362927692912564 0.07070532664234683
0 0.8472975307480607 0.1864049520570962 0.041918324892689186 0.06941977524884962
0 0.8810888334676776 0.2538964002157 0.044484752947343796 0.06556312106835793
0 0.8318989624201342 0.3458133248507509 0.03507451674694408 0.07713308360983291
0 0.8156449180739892 0.41266199731260605 0.047051181001998114 0.0591353641008719
0 0.8058069438644807 0.4827245482582043 0.04106284887447103 0.06042091549436918
0 0.8400259845932067 0.4730829128069752 0.03592999276516238 0.061706466887866324
0 0.876811453376587 0.5013650434639139 0.03592999276516224 0.08227528918382176
0 0.9255735864150212 0.4910806323159362 0.058172369238833996 0.07970418639682741
0 0.9781853615354373 0.49622283788992505 0.04362927692912549 0.07456198082283841
0 0.8605574090304421 0.39916370768088527 0.044484752947343366 0.06813422385535241
0 0.8952041877682771 0.42230363276383515 0.0282307086011987 0.08098973779032455
0 0.93070644252433 0.4055914646483714 0.04790665702021627 0.06556312106835797
0 0.9786130995445462 0.42101808137033797 0.03592999276516224 0.08356084057731898
0 0.8635515750942057 0.3252445025547954 0.04020737285625302 0.08484639197081617
0 0.9058976379960038 0.3413138949735106 0.0461957049837801 0.06299201828136358
0 0.9217239443330396 0.27510799820840404 0.04876213303843443 0.08227528918382176
0 0.9597926271437472 0.3348861380060245 0.04277380091090734 0.06813422385535244
0 0.9923007158360366 0.3465665776203782 0.015398568327926796 0.07349738357509868
0 0.9640700072348377 0.26803746554416935 0.04106284887447103 0.06813422385535241
0 0.9952948818998002 0.2745756995845341 0.009410236200399708 0.0657840752141153
0 0.8857939515678774 0.16776445685138658 0.03678546878338025 0.08356084057731898
0 0.8455865787116243 0.0932024760285481 0.038496420819816565 0.0758475322163357
0 0.9234348963694758 0.1420534289814423 0.04705118100199826 0.0732764294293413
0 0.9696306013532557 0.20054601738556557 0.047051181001997976 0.07456198082283848
0 0.9623590551984015 0.1189135038984924 0.04106284887447103 0.08613194336431342
0 0.9443940588158205 0.05849258840412329 0.03935189683803458 0.06556312106835797
0 0.9816072656083098 0.05592148561712886 0.03165261267407118 0.06813422385535241
0 0.9003370438775857 0.054635934223631645 0.04362927692912549 0.0758475322163357
0 0.8699676452308416 0.0250682521731957 0.04448475294734365 0.04499429877240254
0 0.790836113545663 0.030853233443933162 0.038496420819816565 0.043708747378905316
0 0.8263383683017161 0.033424336230927595 0.03250808869228976 0.05399315852688304
0 0.6334300635112906 0.6485637337555599 0.026519756564762603 0.011569962541475007
0 0.9328451325698756 0.019926046599206836 0.04191832489268904 0.03470988762442481
