0 0.16289021956087824 0.5758483033932136 0.04515768463073851 0.05389221556886241
0 0.23707784431137724 0.5439121756487026 0.05160878243512976 0.05389221556886227
0 0.23143323533742696 0.5798394877128655 0.040319361277445086 0.0538922155688622
0 0.3951284196553658 0.6696612192141822 0.06128542914171654 0.057884231536926116
0 0.3983552894211577 0.6187624750499002 0.05805988023952097 0.0439121756487026
0 0.33787624750499007 0.5479041916167665 0.046770459081836364 0.04990019960079842
0 0.36287425149700603 0.5399201596806387 0.03548103792415176 0.07385229540918167
0 0.40319259672553087 0.546905938130227 0.03548103792415169 0.06387225548902187
0 0.3636806387225549 0.48802395209580834 0.033868263473053946 0.04590818363273442
0 0.7128463073852296 0.6417165668662674 0.04838323353293419 0.06986027944111775
0 0.7949491594852046 0.7086091193787367 0.04617587945778635 0.05552023288929535
0 0.708814371257485 0.5039920159680639 0.04031936127744501 0.041916167664670635
0 0.7289740518962076 0.45908183632734534 0.02580439121756484 0.03592814371257482
0 0.7620359281437126 0.44510978043912175 0.040319361277445294 0.0439121756487026
0 0.7725189620758484 0.437125748502994 0.03548103792415162 0.05189620758483038
0 0.7821956087824353 0.62874251497006 0.04838323353293404 0.05189620758483031
0 0.7811768716911531 0.5901357798502364 0.03666911264378644 0.045277342495131406
0 0.8070024978952918 0.5851465876993421 0.0322554890219561 0.036296134376176084
0 0.8125467194937364 0.5394343064907826 0.032276723795780525 0.043019243444490346
0 0.8377887727186416 0.5363615033876049 0.023173032468765484 0.04711631424872756
0 0.8642722383972307 0.5256066925264822 0.029793898888412825 0.0440435111455497
0 0.8936523331344156 0.4979514645978813 0.022345424166309583 0.03380083413495683
0 0.9118597157884456 0.5102426770105928 0.020690207561397642 0.03584936953707519
0 0.935446552408439 0.5588953928109093 0.0281386822835006 0.05121338505296464
0 0.9131011282421294 0.6116451794154628 0.024828249073677283 0.035849369537075265
0 0.8932385289831877 0.5901355576932177 0.024828249073677283 0.03994644034131248
0 0.8895142916221359 0.6352033365398266 0.028966290585956928 0.031752298732838115
0 0.8485476806505684 0.6398125411945936 0.038069981912971826 0.043019243444490346
0 0.8146158237078736 0.6633708690258108 0.02648346567858923 0.05531045585720193
