0 0.15399197540173504 0.41149140800130396 0.07455597400612168 0.08036553042218308
0 0.21838122567974924 0.4332772445615343 0.08327030863021384 0.06971467699273724
0 0.287611772971148 0.4492535247057032 0.0939211620596598 0.07842901161682925
0 0.3563581905612072 0.46522980484987175 0.08423856803289073 0.08327030863021484
0 0.4338189427753607 0.47733304738333343 0.07261945520076793 0.08230204922753685
0 0.12494419332142788 0.4763647879806566 0.06487337997935264 0.07455597400612177
0 0.18933344359944207 0.49330932752750245 0.06003208296596812 0.07358771460344478
0 0.26050050969619465 0.5112221264770251 0.0726194552007679 0.07842901161682932
0 0.3239215005715319 0.5276825363225321 0.06777815818738318 0.08230204922753609
0 0.39702508547363835 0.5422064273626862 0.07649249281147547 0.08811160564359831
0 0.4710969297784216 0.5668970421309472 0.08520682743556769 0.09682594026769067
0 0.09976944885182835 0.5296190551278863 0.07261945520076793 0.08617508683824461
0 0.1607697912204734 0.5509207619867783 0.06487337997935266 0.07649249281147555
0 0.2222542632904569 0.5746431173523625 0.0697146769927372 0.08133378982486007
0 0.2861593838671326 0.5852939707818083 0.06777815818738332 0.09101638385162908
0 0.35587406085986983 0.6099845855500695 0.08520682743556762 0.08423856803289077
0 0.42800938635929925 0.6341910706169921 0.091984643254306 0.08036553042218308
0 0.5088590464828209 0.6550086477745455 0.09488942146233675 0.08714334624092139
0 0.07120579647285963 0.5973972133152697 0.05422252654990671 0.07261945520076793
0 0.1287785005560284 0.6114369746540848 0.06196860177132194 0.08714334624092139
0 0.18784232411931964 0.6337069409156536 0.06777815818738338 0.08520682743556776
0 0.25223157439733385 0.6535562586705302 0.06293686117399887 0.08230204922753699
0 0.3209779919873941 0.6719531873213914 0.07261945520076786 0.0900481244489523
0 0.3950498362921773 0.7024533585057139 0.07552423340879862 0.09488942146233682
0 0.46718516179160685 0.7295646217806673 0.06293686117399894 0.09876245907304422
0 0.543193524901744 0.7460250316261748 0.06584163938202948 0.09295290265698299
