0 0.06148282097649187 0.4665461121157324 0.09403254972875226 0.10126582278481003
0 0.11844484629294755 0.40687160940325495 0.10669077757685351 0.1265822784810127
0 0.22603978300180835 0.3535262206148282 0.10849909584086806 0.12477396021699824
0 0.27757685352622063 0.47197106690777574 0.1392405063291139 0.12296564195298366
0 0.07956600361663652 0.5687160940325497 0.09764918625678119 0.11754068716094032
0 0.18354430379746833 0.6419529837251357 0.11754068716094031 0.11573236889692588
0 0.08499095840867991 0.7070524412296564 0.11573236889692584 0.11211573236889691
0 0.11844484629294755 0.8119349005424955 0.11030741410488246 0.0976491862567812
0 0.20072332730560583 0.7477396193345299 0.1410488245931284 0.12477396021699817
0 0.2151898734177215 0.85623869801085 0.1012658227848101 0.10307414104882469
0 0.333634651052477 0.9502714193850825 0.09945750452079566 0.07775768535262216
0 0.41139240506329117 0.884267631103074 0.12115732368896935 0.1157323688969258
0 0.30018083182640143 0.8652802893309223 0.09403254972875225 0.08860759493670883
0 0.29927667269439423 0.7839062077539433 0.11392405063291143 0.07775768535262216
0 0.41862600424576124 0.4882436998926652 0.139240506329114 0.14104882459312834
0 0.29566003616636527 0.6229656419529838 0.12115732368896928 0.11754068716094039
0 0.38245931283905965 0.7377938517179023 0.13924050632911392 0.10488245931283899
0 0.4032549728752261 0.6383363471971066 0.11573236889692588 0.10488245931283913
0 0.573236889692586 0.6166365280289331 0.14828209764918632 0.14466546112115736
0 0.7097649186256781 0.5298372513562387 0.15370705244122967 0.13743218806509944
0 0.7106690777576853 0.7640144665461122 0.15189873417721528 0.10669077757685344
0 0.852622061482821 0.8399638336347198 0.1681735985533453 0.11754068716094039
0 0.5271232463154445 0.7703434259892306 0.1428571428571429 0.10488245931283899
0 0.527124773960217 0.8725135623869801 0.12115732368896921 0.10307414104882455
0 0.616636253396165 0.8571427198264729 0.13381555153707056 0.09041591320072329
0 0.6850265227002218 0.9604882459312839 0.11688848843841831 0.07902350813743211
0 0.5825852930438024 0.9704339963833636 0.13081253907132953 0.05913200723327293
0 0.8175406871609404 0.9329113924050634 0.1631103074141049 0.10343580470162748
