0 0.2115732368896926 0.22965641952983723 0.059071729957805914 0.10849909584086802
0 0.11573236889692584 0.5316455696202531 0.06751054852320673 0.12296564195298373
0 0.2001205545509343 0.4891500904159132 0.06027727546714889 0.10307414104882462
0 0.15370705244122967 0.7603978300180831 0.06630500301386377 0.10307414104882469
0 0.27245328511151296 0.7649186256781193 0.07715491259795058 0.0976491862567812
0 0.36949969861362264 0.6943942133815552 0.05424954792043401 0.06509945750452076
0 0.3875828812537674 0.7757685352622061 0.07836045810729353 0.08318264014466535
0 0.43821579264617244 0.6790235081374323 0.0735382760699217 0.06690777576853535
0 0.4261574762627181 0.8200720066041484 0.09523809523809516 0.09222423146473786
0 0.46714888487040385 0.779385171790235 0.07594936708860757 0.08679927667269453
0 0.5039180229053646 0.8236889692585896 0.07233273056057861 0.08137432188065091
0 0.5521398432790838 0.8625678119349005 0.07474382157926464 0.09041591320072342
0 0.6630500301386377 0.7368896925858951 0.06992163954189266 0.08860759493670883
0 0.7166968053044002 0.8291139240506328 0.0831826401446655 0.10669077757685344
0 0.7962628089210368 0.8001808318264014 0.08318264014466535 0.08860759493670883
