0 0.15671884078582093 0.38170128983504464 0.07017261527723326 0.16997366811596495
0 0.22065389026063342 0.42614394617729234 0.08264774688207471 0.12163253314720436
0 0.28536863546074853 0.45109420938697525 0.08420713833267986 0.13098888185083551
0 0.3617788165404025 0.46902721106893497 0.08420713833267993 0.14502340490628207
0 0.4498844334995954 0.4986556486304333 0.13254827330144053 0.14502340490628207
0 0.11539496734478355 0.47916325549786853 0.09356348703631098 0.14658279635688728
0 0.18322849544610903 0.5095713887846697 0.08264774688207471 0.12007314169659906
0 0.24872293637152673 0.541538913522076 0.07641018107965397 0.14346401345567691
0 0.31421737729694443 0.5735064382594821 0.09200409558570581 0.13878583910386133
0 0.3890681669259932 0.6117115287993091 0.08888531268449547 0.13098888185083532
0 0.4779534796104887 0.6358820962836894 0.11071679299296804 0.15126097070870265
0 0.09512287848691585 0.578964308336599 0.07173200672783782 0.12475131604841677
0 0.1543797536099127 0.6039145715462824 0.06237565802420649 0.13410766475204713
0 0.22065389026063262 0.644458749262016 0.07329139817844202 0.11851375024599795
0 0.2884874183619589 0.6733074910982136 0.08108835543146953 0.1263107074990198
0 0.35242246783677145 0.7091734944621331 0.0873259212338903 0.1294294904002301
0 0.4288326489164254 0.7450394978260523 0.09044470413510063 0.145023404906282
0 0.5145991786997105 0.7809055011899716 0.0904447041351007 0.1356670562026511
0 0.0662741366507203 0.665510533845188 0.06705383237602289 0.1325482733014406
0 0.131768577576138 0.7177501474404616 0.07952896398086437 0.143464013455677
0 0.18556758262201684 0.738022236298329 0.08420713833267991 0.13410766475204583
0 0.2518417192727371 0.776227326838156 0.0732913981784436 0.1263107074990198
0 0.31499707302224705 0.8066354601249571 0.0810883554314696 0.14658279635688715
0 0.3851696882994803 0.8456202463900866 0.07173200672783843 0.13722644765325612
0 0.4623595651044369 0.8861644241058214 0.0826477468820746 0.1528203621593079
0 0.5465667034371147 0.9142334702167132 0.1138355758941779 0.11851375024599134
