0 0.36876804563573257 0.6039798039332919 0.10414264566952561 0.16155533405823014
0 0.34857712453653883 0.4713265709221763 0.11051872601663941 0.13339431252514422
0 0.39639675834487825 0.03408973758300779 0.07863875877095582 0.06817947516601558
0 0.39214680727799545 0.11116194994362777 0.08288925588593726 0.12746567641291554
0 0.40064844737130156 0.23714544448914526 0.09139048497529792 0.10375113196400107
0 0.3857709265613694 0.33793225839703206 0.09351584509100257 0.10967976807622971
0 0.4521884301771384 0.6195424737278921 0.08182636445462727 0.103751131964001
0 0.5239193340821686 0.6477034952609781 0.07863832428107032 0.13339431252514436
0 0.5786473570615622 0.6521499723451495 0.07757564422321807 0.10967976807622967
0 0.637626100272365 0.6758645167940641 0.07651296416536567 0.10967976807622967
0 0.47928677165237205 0.5224610573901483 0.07226224393395661 0.10523329099205825
0 0.4474064403746222 0.4379779699515492 0.07226224393395647 0.11709056321651545
0 0.4675972910159967 0.34460197402328924 0.08076368439677495 0.12005488127262975
0 0.4782240915945198 0.23418112643303096 0.07651296416536589 0.11857272224457266
0 0.46706595098707054 0.10375113196400107 0.07545028410751349 0.12450135835680129
0 0.5467669553259933 0.06743823577660069 0.09032780491744574 0.09634033682371528
0 0.5313580944871348 0.16081425454420162 0.07226224393395654 0.09337601876760095
0 0.5903368376979377 0.18082340142297326 0.058447403181876606 0.08300090557120084
0 0.5818353972351192 0.262342147966117 0.0818263644546272 0.10078681390788681
0 0.6301873398673989 0.2645653865082027 0.05738472312402422 0.08744738265537233
0 0.5228566540243164 0.431308277164633 0.06376080347113806 0.10671545002011541
0 0.6105277587971313 0.3675754389581752 0.10095460549596873 0.10375113196400111
0 0.6328440400120297 0.4557639011275761 0.07545028410751328 0.09930465487982965
0 0.5547370557598854 0.5372826476707198 0.07013688381825205 0.0963403368237153
0 0.602557658363239 0.5432112837829485 0.07013688381825191 0.1022689729359439
0 0.6849153628467923 0.5691490667739487 0.07970100433892256 0.09485817779565821
0 0.7385807057683337 0.5765598619142345 0.06801152370254726 0.10078681390788667
0 0.7252972050451799 0.6721591192239212 0.07757564422321807 0.10523329099205832
0 0.7715237875617551 0.6691948011678067 0.07226224393395654 0.09634033682371516
0 0.6971361835120939 0.4609514577257762 0.059510083239728714 0.10375113196400115
0 0.683321342760014 0.374986234098461 0.05738472312402422 0.10375113196400107
0 0.6811959826443095 0.28161021533086006 0.05525936300831958 0.0918938597395438
0 0.6493157570532883 0.16526054891364592 0.06801152370254741 0.10819760904817256
0 0.5935248778714945 0.08670630314134374 0.06694884364469517 0.11709056321651548
0 0.6796019625575309 0.07262579237480074 0.06907420376039966 0.11264408613234402
0 0.7226405049005493 0.12598351738485844 0.059510083239729 0.09782249585177244
0 0.7215779657583354 0.22158309444531776 0.07438760404966117 0.09634033682371525
0 0.7566462667518229 0.2964318056114316 0.06588616358684263 0.10375113196400107
0 0.7364553573955988 0.3779508033873254 0.08926512485959322 0.10078681390788674
0 0.7725864676196074 0.48021952509051924 0.09564120520670741 0.10375113196400107
0 0.8597262323634962 0.6729001987379499 0.07013688381825191 0.11857272224457276
0 0.9224312796718123 0.701929672826538 0.07437375625960073 0.12030962735557708
0 0.8963886943594005 0.5832295775404917 0.06694884364469487 0.10523329099205825
0 0.9856538192189939 0.7093404679668238 0.02869236156201211 0.11141667318723421
0 0.9681195982644308 0.6122590516290799 0.06376080347113827 0.12772042249586285
0 0.8884185939255083 0.48244276363260497 0.07651296416536582 0.0963403368237153
0 0.8443173715246377 0.39573646049126127 0.0903278049174456 0.10375113196400115
0 0.8671649927684624 0.30977123686394603 0.08926512485959336 0.12450135835680129
0 0.777899867908869 0.21046658198411644 0.053134002892615086 0.12746567641291562
0 0.7943714088055797 0.10449221147802966 0.07757564422321778 0.12005488127262982
0 0.7359240056237029 0.04965232743991479 0.07332492399180893 0.08744738265537232
0 0.901170754619736 0.0993046548798296 0.09776656532241176 0.10671545002011537
0 0.8793858134337637 0.19119851461937337 0.07332492399180879 0.10671545002011537
0 0.9553674375702034 0.20379686635785924 0.07013688381825191 0.12005488127262978
0 0.9489913572230896 0.3023604417236602 0.07651296416536553 0.07707226945897219
0 0.9346451764420834 0.37424515458443236 0.09032780491744574 0.08448306459925803
0 0.9574927976859078 0.4772552070344049 0.06376080347113813 0.11560840418845827
