0 0.20818017425612362 0.23779385171790235 0.060167680420844964 0.07775768535262209
0 0.11311523919118857 0.538878842676311 0.052947558770343586 0.0976491862567812
0 0.19855334538878844 0.5054249547920435 0.060167680420844964 0.08137432188065098
0 0.14921584744369554 0.7748643761301989 0.06257438763767878 0.1139240506329115
0 0.26894953148117706 0.7622061482820977 0.05896432681242807 0.1283905967450272
0 0.36762452737136286 0.6907775768535263 0.054150912378760484 0.09041591320072329
0 0.3916915995397008 0.7658227848101267 0.06137103402926186 0.0632911392405063
0 0.4265888616080009 0.8173595807017707 0.07821798454709843 0.07233273056057854
0 0.4386223902679599 0.6853526220614827 0.06137103402926186 0.0867992766726944
0 0.4687062341904874 0.7622058908138775 0.0878448134144336 0.07052441229656424
0 0.5090185763603485 0.8209764918625677 0.06257438763767872 0.07956600361663661
0 0.557754397501233 0.8607594936708861 0.07099786289659718 0.0831826401446655
0 0.6618444846292948 0.7386980108499097 0.057760973204011135 0.11392405063291122
0 0.7178004274206806 0.8309222423146474 0.07821798454709863 0.08137432188065091
0 0.7966200887719875 0.7929475587703436 0.08904816702285061 0.11754068716094025
