0 0.08214278847078277 0.8702770780856423 0.16428557694156554 0.1234256926952142
0 0.23535293325898438 0.8866498740554156 0.1347510911992616 0.0856423173803526
0 0.31749572172976714 0.7405541561712846 0.15874786086488357 0.20151133501259452
0 0.39225488876497394 0.5768261964735517 0.14951833407041362 0.21662468513853902
0 0.47901244063299164 0.72544080604534 0.10890841617474578 0.1712846347607052
0 0.40979098967446687 0.8627204030226702 0.15505605014709553 0.11335012594458434
0 0.5722306612571385 0.8526448362720402 0.14398061799373166 0.1335012594458439
0 0.5943815255638664 0.6032745591939547 0.15505605014709573 0.18891687657430722
0 0.6728325033168611 0.7594458438287154 0.14582652335262553 0.16876574307304792
0 0.6442209702540044 0.3904282115869017 0.15874786086488357 0.21662468513853902
0 0.8445017016940026 0.42695214105793455 0.16059376622377755 0.1889168765743073
0 0.756821197146538 0.5692695214105794 0.17351510373603546 0.181360201511335
0 0.8195819793489337 0.7418136020151133 0.15874786086488357 0.18891687657430722
0 0.9109542946141864 0.5642317380352645 0.11998384832810956 0.18639798488664985
0 0.742976906954833 0.8816120906801008 0.16059376622377755 0.08060453400503775
0 0.8952640990635875 0.8702770780856423 0.15136423942930746 0.06801007556675075
0 0.9506412598304074 0.7342569269521411 0.07752802507354772 0.2040302267002518
