0 0.48886986301369867 0.6335616438356163 0.12842465753424662 0.13470319634703196
0 0.46489726027397255 0.8162100456621004 0.13184931506849318 0.1575342465753424
0 0.5154109589041096 0.22374429223744294 0.15410958904109598 0.19634703196347034
0 0.7414383561643837 0.22945205479452058 0.12671232876712324 0.16666666666666669
0 0.6198630136986302 0.40867579908675794 0.1164383561643836 0.1461187214611872
0 0.6455479452054794 0.632420091324201 0.11301369863013705 0.14611872146118712
0 0.6232876712328768 0.7831050228310502 0.10958904109589042 0.15525114155251146
0 0.8647260273972602 0.3447488584474886 0.09246575342465746 0.136986301369863
0 0.7619863013698633 0.4931506849315069 0.0958904109589041 0.1598173515981734
0 0.8767123287671234 0.5102739726027398 0.09589041095890409 0.134703196347032
0 0.7440068493150684 0.6678082191780823 0.06335616438356169 0.11187214611872158
0 0.8707191780821918 0.6666666666666667 0.0873287671232876 0.13242009132420102
0 0.7756849315068493 0.7477168949771689 0.08219178082191789 0.07990867579908667
0 0.6498287671232876 0.937214611872146 0.08732876712328774 0.11643835616438353
0 0.9537671232876712 0.7385844748858446 0.0753424657534245 0.14383561643835618
0 0.7559931506849316 0.9292237442922374 0.09075342465753422 0.10958904109589042
0 0.8527397260273972 0.865296803652968 0.08219178082191789 0.12785388127853878
0 0.8339041095890412 0.06050228310502282 0.07191780821917818 0.11187214611872145
0 0.9614726027397227 0.24657534246575338 0.0702054794520547 0.17808219178082202
0 0.946917808219178 0.08219178082191782 0.07876712328767127 0.1415525114155251
0 0.982876712328767 0.3789954337899543 0.027397260273972535 0.0593607305936073
0 0.3544520547945206 0.8892694063926939 0.08561643835616436 0.13926940639269403
