0 0.8001808318264014 0.6374321880650995 0.09584086799276662 0.14285714285714285
0 0.7640144665461122 0.7278481012658227 0.12115732368896928 0.11030741410488261
0 0.849005424954792 0.7197106690777576 0.08860759493670883 0.11211573236889691
0 0.7314647377938518 0.8218806509945751 0.11030741410488247 0.11754068716094039
0 0.6763110307414104 0.9213381555153707 0.11211573236889691 0.1320072332730561
0 0.8933092224231465 0.7820976491862568 0.07594936708860757 0.1030741410488244
0 0.8119349005424955 0.8037974683544303 0.08679927667269424 0.10307414104882455
0 0.7603978300180831 0.8960216998191681 0.10669077757685358 0.11754068716094025
0 0.8481012658227849 0.8779385171790236 0.09403254972875232 0.10669077757685344
0 0.9321879792767171 0.849005459283888 0.11030741410488261 0.11030741410488247
