0 0.056621004566210054 0.41666666666666674 0.1087123287671233 0.1392694063926941
0 0.1328941746777567 0.4478336636266191 0.10265899207911364 0.07513431534734061
0 0.23695945431959786 0.47902149263872273 0.10265899207911364 0.0779695725302593
0 0.33469643992916503 0.4795105745027762 0.10125270451638606 0.06946380098150363
0 0.4366522882269148 0.49107133566612654 0.11109671745547914 0.09639874421922955
0 0.5357955613992094 0.5059564358764487 0.1096904298927516 0.08931060126193316
0 0.6497048539801437 0.5506117365074154 0.07875210351274481 0.0737166867558814
0 0.7326758201810712 0.5775466797451412 0.09562755426547569 0.08789297267047402
0 0.8058027734429056 0.6243284232632967 0.08718982888911028 0.07938720112171843
0 0.9059360730593607 0.6396090418506359 0.0823578248235782 0.08679572814068458
0 0.924653760519265 0.7235744745084722 0.10481904977546322 0.07736140986452326
0 0.9555379448281067 0.7764066568549757 0.06551190610966458 0.09623004641684588
0 0.9744933771085701 0.8871026531633933 0.051013245782859686 0.07987721847441463
0 0.9707498396165894 0.960690335717452 0.05850032076682126 0.06478230923255651
0 0.8366806294577154 0.7056492697837655 0.08984489980753992 0.07170081889882639
0 0.7402845390392091 0.6782897467828974 0.06551190610966458 0.08868259179591682
0 0.6588625985886261 0.6424393373334845 0.0861013623155592 0.09245631910638145
0 0.5671459300350956 0.6103626551945357 0.08984489980753999 0.10377750103777508
0 0.4754292614815654 0.5924374504698291 0.10107551228348229 0.10189063738254277
0 0.37809728669006376 0.5697950866070418 0.08984489980753985 0.08679572814068442
0 0.09171666855353033 0.5245103588814672 0.11604966225140573 0.06792709158836174
0 0.19747160270198877 0.5320578135023963 0.08422959356956865 0.08302200083021993
0 0.2788935431525718 0.542435563606174 0.07487074983961658 0.0735876825540587
0 0.05240952488773162 0.5773425412279709 0.0748707498396166 0.08302200083022
0 0.14693384656024758 0.5886637231593645 0.10669081852145366 0.07547454620929088
0 0.24800935884372996 0.6075323597116874 0.10294728102947281 0.090569455451149
0 0.3444054492622363 0.6273444280916263 0.08984489980753989 0.08113513717498769
0 0.42208385222083855 0.6518736556096456 0.09920374353749196 0.06981395524359407
0 0.5250311332503114 0.6707422921619685 0.09546020604551117 0.08490886448545233
0 0.6186195705498321 0.7179138835427753 0.10294728102947281 0.07736140986452313
0 0.7056568172383865 0.7547077248198046 0.08610136231555927 0.090569455451149
0 0.7945658326729311 0.7716894977168951 0.11417789350541512 0.08302200083022
0 0.8703724668855429 0.7782935205102081 0.07487074983961677 0.08113513717498791
0 0.02339710932488019 0.6254575644363939 0.04679421864976038 0.07736140986452306
0 0.10294728102947281 0.6679119966791202 0.0861013623155591 0.07924827351975558
0 0.19653571832899355 0.6764028831276653 0.08235782482357826 0.06981395524359399
0 0.28357296501754786 0.6971583833352202 0.08797313106154953 0.08113513717498776
0 0.36780080681477584 0.7094229970942301 0.10669081852145364 0.07547454620929102
0 0.47074983961658945 0.7396128155779464 0.0917166685535303 0.07924827351975566
0 0.06560435267095757 0.7047142795606596 0.07741313615172993 0.058858743827774444
0 0.03280217633547879 0.7539836774839088 0.060356004457280975 0.08597344604056943
0 0.12956859652514122 0.7324903159737665 0.07019665735792463 0.06811742263214328
0 0.08266148436540653 0.7767997073946753 0.07478896204489163 0.07737610143651238
0 0.2283031472949324 0.7536530103837529 0.07741313615172996 0.08002143823776081
0 0.3191651757442086 0.773823703493271 0.0793812667318586 0.0661334200312072
0 0.1925487750892605 0.8158184252130876 0.07806917967843953 0.07605343303588824
0 0.2755382812180218 0.8221011001160524 0.0839735714188257 0.07010142523307962
0 0.05805985211379745 0.8250771040174567 0.09119005021263103 0.0522454018246539
0 0.02722580635844739 0.8718113858243167 0.05445161271689478 0.0698809838633619
0 0.0954543331362433 0.891871858248976 0.08331752789211613 0.06282674902964686
0 0.13973727118913964 0.8541758088311877 0.07610104909831078 0.04563205982153292
0 0.40710970225291526 0.7896147024416017 0.07674251858560695 0.06226650062266515
0 0.5484282425751915 0.7565945884750369 0.07487074983961656 0.09434318276161363
0 0.9897052718970528 0.5122457451224574 0.02058945620589455 0.05094531869127125
0 0.7337119325085831 0.8363197854227622 0.09814411159575244 0.06547208583089514
0 0.8181447343961057 0.8432307278160234 0.0923709285607083 0.07056435917329822
0 0.9004125926454865 0.856688878792374 0.07649467521433649 0.08584117920050716
0 0.8434024101744242 0.9177961589012095 0.1125770691833631 0.06110728010883548
0 0.747062418277123 0.9065204107858886 0.11041212554522162 0.07056435917329808
0 0.7752066855729639 0.9585343456404332 0.07288643581743401 0.06983689155295494
0 0.8509797129079198 0.9694463599455824 0.0945358721988498 0.056742474386775966
0 0.9238661487253542 0.9745386332879852 0.07721632309371607 0.05092273342402975
0 0.6258255745411934 0.8083122820395459 0.07432973157619494 0.08365877633947719
0 0.6460317151638484 0.8810590440738738 0.08298950612876141 0.05601500676643241
0 0.6716502148818574 0.9450761946640824 0.07938126673185891 0.06183474772917876
0 0.5933514199690694 0.9297993746368737 0.09164928068132774 0.05892487724780551
0 0.4915990689764142 0.8181330949141801 0.08298950612876134 0.06838195631226839
0 0.5092794420212372 0.9032468064943439 0.07649467521433649 0.07420169727501459
0 0.5628781981534091 0.8519272725501261 0.07400170981284099 0.08531211184025916
0 0.5352587656789365 0.9712650289964404 0.07649467521433649 0.0574699420071191
0 0.6052586099788482 0.9734474318574704 0.07649467521433649 0.03855578387819378
0 0.7012377779364591 0.9799946404405598 0.06494830914424796 0.04001071911888033
0 0.36539675522841547 0.8421307950214693 0.08782496498536606 0.06368972218017731
0 0.4462763785950416 0.8601988013137174 0.06586872373902572 0.07182032501169275
0 0.39452238137152135 0.9044654167297296 0.0976828692184192 0.05826932029250557
0 0.3091618924444165 0.8918178123251547 0.07931132042045967 0.06188292155095553
0 0.33313452319297354 0.9523456334041913 0.0788632338644118 0.05194551809021817
0 0.45568619627204526 0.9548299842693757 0.08468835909303316 0.06685162328132421
0 0.12768683724505978 0.9537007338761103 0.08020749353255521 0.054655719034055465
0 0.20117303243689807 0.9692843893031755 0.07303810863579052 0.05330061856213689
0 0.1695829302355286 0.9058205172016482 0.07438236830393388 0.05826932029250557
0 0.21932053795683373 0.866748453594658 0.08603261876117653 0.07046522453977416
0 0.2500144670461077 0.9369878280557791 0.08289601286884199 0.06459312249479296
0 0.2925826898706481 0.9857714450448535 0.10261182133494483 0.028457109910293214
0 0.04331365693200957 0.9438619077782117 0.08662731386401915 0.059256875123000284
