0 0.13671274961597543 0.6894009216589861 0.12596006144393243 0.3244239631336405
0 0.06758832565284179 0.17572964669738864 0.11059907834101383 0.2906298003072197
0 0.18509984639016897 0.10476190476190475 0.12135176651305683 0.2095238095238095
0 0.043010752688172046 0.5024065454251572 0.08602150537634409 0.27485917379962316
0 0.041474654377880185 0.8360983102918585 0.07987711213517666 0.32780337941628235
0 0.07142857142857142 0.8330261136712749 0.013824884792626725 0.0033794162826421823
0 0.1405529953917051 0.9342549923195085 0.10906298003072196 0.13149001536098312
0 0.2258064516129032 0.8465437788018432 0.1136712749615975 0.2331797235023042
0 0.15284178187403996 0.4224270353302611 0.1367127496159754 0.2703533026113671
0 0.2695852534562212 0.6133640552995392 0.12442396313364057 0.25345622119815675
0 0.2519201228878648 0.25345622119815664 0.12288786482334867 0.2433179723502304
0 0.3410138248847926 0.11321044546850997 0.15053763440860218 0.2061443932411674
0 0.35714285714285715 0.3920122887864823 0.13671274961597546 0.2703533026113672
0 0.43394777265745005 0.1774193548387097 0.14900153609831024 0.23317972350230412
0 0.5092165898617512 0.08279569892473117 0.13056835637480801 0.13855606758832562
0 0.5783410138248848 0.2602150537634409 0.12135176651305678 0.23655913978494628
0 0.6405529953917051 0.06927803379416282 0.12596006144393243 0.09800307219662058
0 0.7572964669738863 0.13517665130568357 0.13210445468509988 0.26359447004608294
0 0.5130568356374807 0.4494623655913978 0.12288786482334878 0.25007680491551454
0 0.3863287250384025 0.6809523809523809 0.11827956989247312 0.2940092165898616
0 0.3602150537634409 0.9122887864823349 0.12442396313364057 0.17542242703533034
0 0.5023041474654378 0.9258064516129032 0.13210445468509988 0.1483870967741936
0 0.5061443932411674 0.7569892473118278 0.10291858678955457 0.3311827956989247
0 0.6052227342549924 0.606605222734255 0.12903225806451615 0.23317972350230412
0 0.6152073732718893 0.8600614439324116 0.142857142857143 0.26697388632872504
0 0.7227342549923196 0.6218125960061444 0.12135176651305685 0.26359447004608294
0 0.7135176651305685 0.3582181259600614 0.1152073732718894 0.27035330261136714
0 0.8494623655913978 0.3514592933947773 0.13824884792626718 0.2095238095238095
0 0.9477726574500768 0.31822835802116334 0.10445468509984636 0.3255504180392545
0 0.837173579109063 0.609975002915975 0.12596006144393243 0.26697388632872504
0 0.9447004608294931 0.6139272827523462 0.1105990783410138 0.28161800636490747
0 0.7319508448540707 0.8700460829493087 0.10906298003072208 0.2599078341013825
0 0.8686635944700462 0.885253456221198 0.13056835637480801 0.22949308755760384
0 0.9700460829493087 0.8752688172043012 0.05683563748079876 0.22980030721966202
