0 0.376815358554489 0.16149068322981366 0.08128740824392999 0.19461697722567287
0 0.4484555709602709 0.1749482401656316 0.10332559703064904 0.13871635610766048
0 0.5442123094297009 0.20600414078674947 0.10470920383963865 0.14699792960662522
0 0.6516770186335404 0.20082815734989648 0.10470920383963858 0.18219461697722564
0 0.2817504234895539 0.30434782608695654 0.1060869565217391 0.1407867494824017
0 0.3754376058723885 0.3198757763975155 0.1005759457933371 0.14285714285714285
0 0.46017360347527125 0.3250517598343684 0.08541225098282852 0.16563146997929604
0 0.5552343308865048 0.34782608695652173 0.09644268774703554 0.1739130434782609
0 0.6571880293619423 0.3592132505175984 0.11573122529644266 0.1759834368530021
0 0.2156182947487295 0.42339544513457555 0.08128740824392995 0.11387163561076598
0 0.2975945793337098 0.4440993788819875 0.10195369847543763 0.134575569358178
0 0.3830152456239413 0.47412032888042155 0.09644268774703564 0.14906832298136635
0 0.47188029361942413 0.48136645962732916 0.11435347261434224 0.15942028985507242
0 0.5752117447769622 0.4989648033126294 0.1226199887069452 0.16977225672877844
0 0.6723433088650481 0.5196687370600414 0.1102202145680407 0.1573498964803312
0 0.12330886504799547 0.5362318840579711 0.08679841897233201 0.1863354037267081
0 0.20046301524562396 0.5859213250517599 0.11159796725014115 0.1407867494824017
0 0.29277756730738586 0.6086957192824639 0.09782044042913604 0.14492753623188398
0 0.3830152456239413 0.6211180124223603 0.1102202145680407 0.15320910973084892
0 0.48634669678147946 0.634575569358178 0.11297571993224167 0.1635610766045548
0 0.5697007340485601 0.6677018633540374 0.11435347261434224 0.15527950310559008
0 0.680609824957651 0.7039337474120083 0.13501976284584985 0.18219461697722558
0 0.040643704121964996 0.6720205745341614 0.08128740824392999 0.17148680124223603
0 0.12330886504799551 0.7111801242236025 0.10057594579333712 0.17184265010351965
0 0.20873117781141456 0.7380952380952371 0.10057265284696205 0.1635610766045548
0 0.29346132128740826 0.7732919254658386 0.1102202145680407 0.17184265010351965
0 0.39679277244494643 0.7971014492753623 0.09919819311123654 0.1863354037267081
0 0.49461321287408244 0.8146997929606624 0.11848673066064365 0.20910973084886122
0 0.5862337662337663 0.8509316770186335 0.10884246188594013 0.19047619047619066
0 0.7054093732354602 0.8871635610766045 0.1350197628458497 0.1925465838509318
