0 0.17091746491462953 0.5558514808821841 0.0586464155083428 0.03220745769720459
0 0.24735008840501072 0.5390266895478234 0.05095508232692076 0.04470587411701544
0 0.292536670845865 0.5270089814518515 0.04614799908853207 0.04662870741237093
0 0.35902742818078637 0.5243466384788067 0.053661978687981816 0.04173709453509702
0 0.4077207051383995 0.5211169823540671 0.030805950728285864 0.047202666438502516
0 0.14636699412100665 0.5926662872713762 0.04471831557331816 0.034284041939543784
0 0.18984313426173266 0.5869522802814522 0.04223396470813381 0.03378717176650703
0 0.23381614457549546 0.58571010484886 0.04074335418902319 0.03527778228561765
0 0.26462209530378134 0.5747789610420488 0.026830989343990874 0.03428404193954392
0 0.29890613724332527 0.5591275505913875 0.043724575227244385 0.030805950728285864
0 0.3334386142693876 0.5645931224947931 0.04720266643850248 0.026830989343990835
0 0.3066076249253967 0.5944053328770051 0.04322770505420756 0.034780912112580824
0 0.27530480402407403 0.6095598731546297 0.032296561247396445 0.028321599863101454
0 0.1438826432558223 0.6269503292109201 0.033787171766507085 0.028321599863101524
0 0.2149350780000944 0.6267018941244017 0.038755873496875745 0.03875587349687571
0 0.14164672747715637 0.6627249816695746 0.034284041939543874 0.03428404193954407
0 0.1781666851953662 0.6490610519110608 0.028818470036138386 0.043724575227244315
0 0.22760526741253465 0.6617312413235008 0.04322770505420756 0.028321599863101597
0 0.2571690427082283 0.6294346800761045 0.0397496138429495 0.04124022436205998
0 0.29542804603206724 0.636639297585139 0.03478091211258089 0.03279343142043338
0 0.2668580110824472 0.6599921957178718 0.036271522631691366 0.02881847003613842
0 0.30312953371413864 0.6721655149572752 0.03527778228561765 0.034284041939543784
0 0.34586036859530933 0.6729108202168304 0.03527778228561765 0.02881847003613842
0 0.3428791475570881 0.6495579220840976 0.04024648401598647 0.02384976830576967
0 0.3371651405671641 0.6219816274805514 0.05068075764976058 0.029315340209175176
0 0.35381029136389924 0.5896850662331549 0.04024648401598632 0.03527778228561772
0 0.38337406665959295 0.5556494593801294 0.0397496138429495 0.030805950728285795
0 0.3898333789090722 0.5891881960601181 0.04968701730368686 0.03229656124739648
0 0.38834276838995974 0.6202425818749204 0.04173709453509528 0.029812210382210987
0 0.42039089455083967 0.676720156946507 0.050183887476723685 0.0443870662640812
0 0.13706615875079492 0.6952430176705073 0.033339988610773884 0.03115375984941181
0 0.16630696843401466 0.6905972815526127 0.036072774562476685 0.03388654580111449
0 0.1373394373459652 0.721477762806854 0.03170031703975219 0.026781302326687212
0 0.17723811224082578 0.7335020209943462 0.03935211770452 0.03115375984941167
0 0.19718744968825605 0.7034413755256156 0.03552621737213613 0.03115375984941167
0 0.1742320476939527 0.7709411885326741 0.03333998861077386 0.03388654580111435
0 0.2359930102024351 0.8540178814644395 0.034433102991454925 0.03388654580111367
0 0.19937367844961826 0.8086536346661726 0.034433102991455015 0.03497966018179554
0 0.24309825367686272 0.7348684139701976 0.03880556051417944 0.04919014713064996
0 0.23763268177345714 0.7783197106022716 0.03771244613349833 0.0333399886107739
0 0.2753451279069554 0.6914171173381234 0.03552621737213606 0.02896753108804944
0 0.29693413692540743 0.7160121909034484 0.04263146084656331 0.030060645468730485
0 0.2821770927862124 0.7452530005866681 0.03170031703975219 0.0437245752272446
0 0.29365479378336407 0.8135726493792376 0.02951408827838996 0.03497966018179554
0 0.349676905793271 0.7370546427315599 0.03771244613349836 0.04044523208520104
0 0.3507700201739521 0.7100000618097023 0.04317801803690387 0.0344331029914548
0 0.3838367301895556 0.7258502203295785 0.02404851637498446 0.0333399886107739
0 0.4100714753259024 0.716558748093789 0.03716588894315784 0.030060645468730628
0 0.33519314024924635 0.7826921681249962 0.03060720265907108 0.03989867489486059
0 0.3321870757023732 0.813026092188897 0.038805560514179514 0.028420973897708847
0 0.22759813164632825 0.7078572599445494 0.03503499345106558 0.02988278853179125
0 0.21626328082392468 0.7351639460167035 0.03297411148335584 0.030913229515645922
0 0.3151856152739922 0.7495901197906718 0.024730583612516847 0.035034993451065616
0 0.3038507644515886 0.7835946722578825 0.030913229515646137 0.02473058361251688
0 0.3775272947972118 0.7686532779919869 0.031943670499500955 0.027821906564081615
0 0.41616883169176944 0.7732902624193337 0.03709587541877532 0.03709587541877525
0 0.43214066694151987 0.734648725524776 0.03400455246721066 0.0340045524672108
0 0.46099301448945623 0.7238290951942998 0.02988278853179125 0.04533940328961421
0 0.42853412349802783 0.613571909921829 0.03297411148335591 0.04740028525732399
0 0.4362624308769394 0.5476236869551172 0.036065434434920364 0.039156757386485094
0 0.4759344087553518 0.5610194197452305 0.05358293116045324 0.03709587541877539
0 0.5063324177790706 0.5218626623587455 0.05873513607972754 0.039156757386485094
0 0.5403369702462812 0.5368040566246411 0.0463698442734691 0.03812631640263007
0 0.5568240259879592 0.5661716246645049 0.03812631640263007 0.035034993451065616
0 0.6026786497695009 0.5718390500757066 0.04327852132190458 0.04224808033804969
0 0.6459571710914054 0.5570693933532399 0.026791465580226655 0.041561114441052566
0 0.49860411040015906 0.5857500033577474 0.041217639354194875 0.035034993451065616
0 0.467690880884513 0.6053283820509899 0.04121763935419473 0.03297411148335584
0 0.44914294317512526 0.6403633755020556 0.041217639354194875 0.035034993451065546
0 0.4898453620373926 0.636241611566636 0.04636984427346917 0.030913229515646064
0 0.53054778089966 0.6079044845106272 0.04327852132190458 0.03400455246721073
0 0.5150911661418369 0.6465460214051848 0.03709587541877532 0.030913229515646207
0 0.5537327030363945 0.6357263910747086 0.027821906564081404 0.03400455246721073
0 0.5882524759955327 0.6274828632038697 0.04740028525732384 0.0463698442734691
0 0.5794937276327663 0.659941754195298 0.0360654344349205 0.026791465580226655
0 0.5465196161494105 0.6625178566549351 0.03400455246721073 0.04018719837033984
0 0.49911933089208643 0.6867332197755246 0.0443089623057594 0.05358293116045331
0 0.5387913087704992 0.7078572599445502 0.041217639354193814 0.040187198370341196
0 0.3950447915227444 0.7985360665237781 0.03400455246721104 0.0257610245963715
0 0.37392075135371966 0.8402689263699002 0.039156757386485094 0.03915675738648517
0 0.42183625710297123 0.8696364944097641 0.031943670499500955 0.03812631640263007
0 0.41462317021598705 0.8335710599748435 0.04018719837033991 0.04018719837034013
0 0.37237508987793744 0.866029950966272 0.048430726241178876 0.04946116722503376
0 0.2891574670721486 0.8614453803612622 0.04016075931557623 0.04819291117869142
0 0.645968547140416 0.5947901155620358 0.036469898404684 0.03455043006759524
0 0.6350915598969138 0.6171839128280698 0.04158848063692041 0.04094865785789082
0 0.6174964334736013 0.6472555834424583 0.03583007562565441 0.025592911161181887
0 0.6392504079606058 0.6683697351504333 0.04094865785789075 0.03327078450953607
0 0.5957424589865968 0.6773272540568468 0.04222830341594985 0.023033620045063544
0 0.5992614842712587 0.7115577727349266 0.045427417311098714 0.04030883507886261
0 0.6322123573912808 0.6914033551954967 0.04222830341594992 0.04094865785789082
0 0.6706017241330534 0.6363785961989561 0.042228303415949714 0.03838936674177255
0 0.6785995088709228 0.6053471914160232 0.04542741731109757 0.036469898404684
0 0.7163490528336657 0.6095060394797153 0.0351902528466249 0.030711493393418082
0 0.7598570018076733 0.6079064825321406 0.04670706286915829 0.03902918952080022
0 0.716029141444151 0.6424569125997368 0.04094865785789068 0.03391060728856587
0 0.7486601031746575 0.642137001210222 0.03838936674177262 0.03583007562565449
0 0.7864096471374006 0.6510945201166356 0.05118582232236349 0.037109721183713446
0 0.679559243039467 0.6683697351504333 0.03710972118371359 0.02047432892894534
0 0.7224273692344464 0.6731684059931549 0.043507948974009024 0.022393797266034028
0 0.7531388626278612 0.6824458362890821 0.03327078450953614 0.03327078450953418
0 0.7876892926954596 0.6830856590681128 0.04862653120624529 0.02687255671924092
0 0.7969667229913882 0.7125175069034717 0.03774954396274324 0.03071149339341801
0 0.7572977106915565 0.7118776841244423 0.028792025056329322 0.023033620045063544
0 0.7205079008973577 0.7089984816188093 0.042228303415949714 0.04030883507886131
0 0.6763601291443192 0.6914033551954968 0.03583007562565441 0.033270784509536216
0 0.6610043824476102 0.7272334308211512 0.03966901229983151 0.025592911161181744
0 0.6965145466837498 0.7205152916413411 0.03135131617244781 0.019834506149915825
0 0.7137897617175475 0.754105987540392 0.04158848063692048 0.04094865785789068
0 0.7377831159311553 0.7576250128250547 0.040948657857890966 0.04030883507886116
0 0.7816109762946789 0.7573051014355398 0.054384936217511066 0.044787594532068056
0 0.44811250219126997 0.7696964401084366 0.030913229515646064 0.027821906564081473
0 0.483662716134263 0.7779399679792757 0.04018719837033999 0.04224808033804976
0 0.47799529072306113 0.8165815048738332 0.0432785213219045 0.03503499345106548
0 0.4383233128446487 0.8031857720837198 0.031943670499501024 0.03297411148335584
0 0.45944735301367345 0.8742861999697059 0.030913229515646137 0.055643813128162946
0 0.4893301415454647 0.8856210507921095 0.03297411148335591 0.039156757386485025
0 0.5326086628673693 0.8706796565262138 0.032974111483355696 0.0443089623057594
0 0.5351847653270064 0.8985015630902953 0.0463698442734691 0.03400455246721066
0 0.5274564579480949 0.7820617319146951 0.03503499345106548 0.048430726241178945
0 0.5563088054960315 0.8016401106079377 0.04327852132190458 0.0340045524672108
0 0.590313357963242 0.7815465114227677 0.03297411148335584 0.030913229515646207
0 0.56661321533458 0.7408440925605003 0.04740028525732406 0.03812631640263021
0 0.6006177678017908 0.7568159278102508 0.04121763935419473 0.026791465580226655
0 0.6279244538739448 0.7289940212461693 0.05049160820888858 0.03709587541877539
0 0.6392593046963484 0.7619681327295251 0.04018719837033999 0.02473058361251674
0 0.6171048235434685 0.789274818801679 0.045339403289614284 0.042248080338049616
0 0.6428658481398405 0.7975183466725181 0.04327852132190465 0.03606543443492043
0 0.6552311399460986 0.7794856294550584 0.043278521321904864 0.02885234754793562
0 0.6763551801151237 0.7980335671644454 0.04636984427346917 0.03297411148335598
0 0.7175728194693184 0.8057618745433569 0.0443089623057594 0.031943670499501024
0 0.7314837727513591 0.786698716342042 0.04327852132190458 0.039156757386485025
0 0.7757927350571185 0.7995792286402278 0.045339403289614354 0.0443089623057594
0 0.7469403875091822 0.8207032688092528 0.02473058361251674 0.030913229515646064
0 0.6985096612680034 0.8397664270105678 0.03503499345106548 0.025761024596371557
0 0.662444226833083 0.8330685606155112 0.03297411148335598 0.030913229515646064
0 0.6351375407609288 0.8351294425832207 0.04224808033804969 0.03503499345106548
0 0.5954655628825164 0.8279163556962368 0.030913229515645995 0.04121763935419466
0 0.5578544669718136 0.837705545042858 0.03812631640263021 0.0340045524672108
0 0.5733110817296366 0.866042672098867 0.04018719837033999 0.03297411148335584
0 0.6042243112452828 0.8639817901311573 0.04430896230575932 0.039156757386485025
0 0.6516245965026068 0.8737709794777786 0.052552490176598285 0.0422480803380499
