0 0.02234622654021209 0.46172193060213984 0.03781669106805123 0.061244911036576186
0 0.045551923331970806 0.5234772158973542 0.036097750564957995 0.05818266548474732
0 0.10098775455672772 0.48979251482723724 0.04383298282887758 0.06634865362295762
0 0.11860686826907667 0.5484854576812238 0.048130334086610646 0.05103742586381344
0 0.15513438040416472 0.6245313191077048 0.043832982828877556 0.06634865362295748
0 0.07993071223834974 0.5755354871678389 0.042973586621529704 0.0459335088765119
0 0.04555188630987133 0.6337180702966008 0.03609775056495795 0.06634860517825787
0 0.09540119263280333 0.6230001478870909 0.049849274589703896 0.04491293476015578
0 0.12204477571961987 0.6811828618165379 0.03953563157114449 0.05716191696747089
0 0.0825091441484754 0.67505837071288 0.030940929055678277 0.055120419932918455
0 0.10571484094023412 0.7373240302667327 0.03953563157114447 0.048995928829261
0 0.030511167485548257 0.6755688127940971 0.04039510182269109 0.06839015065750999
0 0.026213842672171875 0.7419173985944758 0.0455519233319708 0.05205817438108966
0 0.03781669106805123 0.803162309631052 0.042973512577330945 0.05205817438108966
0 0.0369571837944052 0.8501166154695418 0.048130334086610646 0.03368470107011703
0 0.08293887927424873 0.803162309631052 0.038676161319597835 0.05205817438108966
0 0.0623116223259221 0.7368136560080876 0.03180045748480995 0.043892186242879404
0 0.19638895247840232 0.7939755245308657 0.048989804338157264 0.0520581743810898
0 0.09153358178971491 0.8797184484267723 0.03351933981031813 0.05205817438108966
0 0.13192868361240598 0.8628760978917137 0.0403951018226911 0.05512041993291859
0 0.15298570477529816 0.817963163131558 0.03609775056495799 0.042871437725603416
0 0.27674949504221 0.7929547857025299 0.05328715559589039 0.06022416251929982
0 0.24365981631346642 0.8235772799765775 0.04211404232578435 0.050016677346537225
0 0.19381051263496973 0.8577723553053289 0.04039516000027628 0.051037425863813365
0 0.3278879009650351 0.7995896898205851 0.047270863835064035 0.06124491103657604
0 0.3992239318434045 0.802651935372414 0.052427685344343826 0.06736940214023392
0 0.44950288867016824 0.8470545249407511 0.044692453080424244 0.05614116845019481
0 0.5045090376578653 0.8771665771335816 0.04813033408661063 0.05716191696747103
0 0.3717209366826259 0.8613449460489795 0.06617920936908966 0.0520581743810898
0 0.30253352854440974 0.8404195433111767 0.05500609609898359 0.0408299406910507
0 0.24194087581037318 0.8822703197199628 0.038676161319597856 0.04695443179470857
0 0.29221988552585043 0.8889051850822587 0.053287155595890354 0.041850689208326915
0 0.4500498964057595 0.9127537408049107 0.05328715559589019 0.053357573101438543
0 0.17080685522690398 0.912655888357364 0.0378301202907317 0.03590163925607626
0 0.3394192822323744 0.8992003908307248 0.051581644315477536 0.042026130359733994
0 0.05977229258468949 0.9294754865231676 0.03359747346954966 0.031550408715811926
0 0.12462318647425974 0.9299395335869468 0.044536185761961174 0.04546970667867029
0 0.21760224095975758 0.9424669017535194 0.04141083939270072 0.053821285456385086
0 0.16876868951586876 0.9596340006752027 0.03906682961575539 0.04918151946876577
0 0.1476787201396829 0.9819049126482844 0.04220438436927077 0.03619017470343138
0 0.28089660912940884 0.9791210530557126 0.04298572096158587 0.041757893888574815
0 0.26643577797945184 0.9368991825683761 0.04219217598501583 0.053821285456385086
0 0.21096698411720666 0.9846887722408559 0.039079038000010335 0.030622455518288093
0 0.3219106760338245 0.9587060827101871 0.03594148324649502 0.06217286423410002
0 0.3668375300919432 0.96891356788295 0.04609885894659136 0.05474923865390906
0 0.3934029742306569 0.9299395335869468 0.04766153213122159 0.04732561307371767
0 0.4316884335976432 0.9647378401509826 0.027346780731028843 0.04639765987619427
0 0.5340435608473764 0.9355072527720901 0.06172559079289357 0.05289333225886125
0 0.4750526481275857 0.9656657316916164 0.042192175985015797 0.04082994069105084
0 0.5969411565287426 0.9642738018953305 0.03906682961575541 0.04918151946876577
0 0.5360030065202914 0.9832968424445702 0.05783111621557289 0.03340631511085974
