0 0.1883561643835616 0.42922374429223753 0.057077625570776155 0.0821917808219177
0 0.2476516189799221 0.4490942460339628 0.05670514365837029 0.06830392304303685
0 0.5627517922633661 0.725531821368518 0.0760364426328146 0.07217018283792584
0 0.16001639696244077 0.48968997388029606 0.06186015671822217 0.06959267630799992
0 0.1316638251332556 0.543173234376259 0.05670514365837029 0.06572641651311109
0 0.10524438320151491 0.5940789883422959 0.06057140345325918 0.08248020895762963
0 0.16323828012484817 0.6121215340517775 0.05026137733355547 0.06443766324814817
0 0.1877245921591444 0.5605714034532587 0.05283888386348142 0.06443766324814817
0 0.21801029388577406 0.5051550130598517 0.054127637128444345 0.06701516977807401
0 0.31273365886055166 0.4645592852135183 0.0631489099831851 0.07088142957296284
0 0.3836150884335146 0.48195745429051834 0.05799389692333328 0.06959267630799999
0 0.45642964790392027 0.4954893635726286 0.06701516977807077 0.06830392304303846
0 0.2811592038689591 0.5231975587693332 0.06186015671822208 0.06701516977807394
0 0.25151787877481097 0.5766808192652959 0.056705143658370254 0.0631489099831851
0 0.2218765536806629 0.6314528330262219 0.05155013059851843 0.059282650188296274
0 0.3475299970145517 0.5412401044788145 0.06314890998318506 0.06701516977807387
0 0.4184114265875145 0.5567051436583701 0.0631489099831851 0.07217018283792577
0 0.48800410289551427 0.57410331273537 0.07088142957296284 0.06830392304303678
0 0.3146667887579961 0.592790235077333 0.0515501305985185 0.061860156718222044
0 0.28438108703136594 0.644340365675851 0.055416390393407206 0.061860156718221246
0 0.3816819585360701 0.6134102873167404 0.06443766324814802 0.06186015671822218
0 0.3488187502795146 0.6662491711802219 0.06057140345325923 0.06959267630799985
0 0.4564296479039218 0.6314528330262218 0.07217018283792584 0.06443766324814802
0 0.41647829669007 0.6849360935221847 0.059282650188296204 0.06572641651311102
0 0.5311773372717736 0.6533616385305921 0.06186015671822226 0.06959267630799985
0 0.4880041028955144 0.7042673924966292 0.06057140345325905 0.06572641651311102
