0 0.21247739602169982 0.34810126582278483 0.11392405063291138 0.13200723327305602
0 0.10759493670886076 0.41229656419529837 0.11754068716094032 0.13381555153707056
0 0.39421338155515373 0.4764918625678119 0.1410488245931284 0.1609403254972875
0 0.2513562386980109 0.47830018083182635 0.12296564195298369 0.14285714285714285
0 0.6971066907775767 0.5162748643761301 0.17540687160940321 0.15009041591320077
0 0.5696202531645569 0.6193490054249549 0.16274864376130205 0.1609403254972876
0 0.7070524412296564 0.7450271247739602 0.14828209764918618 0.14466546112115736
0 0.8535262206148282 0.8372513562386978 0.15551537070524404 0.15913200723327306
0 0.679941794755877 0.9538878842676312 0.12661053345388779 0.09222423146473772
0 0.6112115732368896 0.8453887884267631 0.12296564195298366 0.11392405063291136
0 0.5090415913200723 0.7495479204339963 0.11754068716094032 0.11392405063291136
0 0.38788426763110306 0.6383363471971067 0.12839059674502706 0.13019891500904157
0 0.2938517179023508 0.6247739602169982 0.13562386980108504 0.11754068716094032
0 0.16817359855334538 0.6274864376130198 0.1410488245931284 0.11211573236889691
0 0.08318264014466546 0.5596745027124774 0.10849909584086799 0.11754068716094039
0 0.09312839059674502 0.7025316455696202 0.1247739602169982 0.10669077757685358
0 0.10849916449906002 0.7992767413525863 0.10126582278481014 0.06509945750452076
0 0.2007233273056058 0.7631103074141049 0.09764918625678119 0.09403254972875232
0 0.20976491862567812 0.8481012658227849 0.11934900542495479 0.09403254972875232
0 0.3119348147197554 0.9394211665100353 0.1283905967450271 0.08137432188065105
0 0.2830015508500437 0.7495477316239685 0.08499075243410417 0.11030737977578636
0 0.3842676311030742 0.7450271247739602 0.12115732368896921 0.09764918625678107
0 0.30650994575045204 0.8607594936708861 0.08499095840867991 0.09403254972875232
0 0.38245931283905965 0.8743218806509947 0.09584086799276675 0.10669077757685344
0 0.5045207956600362 0.8887884267631102 0.1265822784810127 0.12477396021699817
0 0.4448462929475588 0.9593128390596745 0.1265822784810126 0.07775768535262216
0 0.8209764918625677 0.9466546112115732 0.12658227848101278 0.09584086799276662
