0 0.08602150537634408 0.05074610489357033 0.04301075268817204 0.0795479482115427
0 0.14061687211083973 0.06812832951106577 0.03488170470966567 0.07007485321138192
0 0.03406416475553289 0.036983950306007124 0.04414715752317061 0.0603422347098011
0 0.1509723781965217 0.1523154795497399 0.032701598165311555 0.07299463876185616
0 0.029431438348780415 0.10803206536754714 0.03270159816531157 0.07007485321138192
0 0.06186052319604771 0.11873794571928604 0.02997646498486893 0.08370051911359506
0 0.08965688163656255 0.13041708792118303 0.03215657152922305 0.0720213769116981
0 0.12099591321165279 0.14014970642276384 0.029431438348780398 0.06812832951106577
0 0.012161751383793556 0.17575017707400079 0.024323502767587112 0.07802181773994542
0 0.039638300806438244 0.1837936634389436 0.02882785513195509 0.07641312046695681
0 0.07116876735701413 0.1954567186681107 0.028827855131955092 0.06434789091954261
0 0.10089749296184283 0.20671759957903066 0.034233077969196675 0.06113049637356546
0 0.13603144140391307 0.21717413185345635 0.033332207496323055 0.08204356092241678
0 0.02094523849431112 0.2525654718592048 0.029278290368391892 0.06917398273850829
0 0.047746135062300625 0.25819591231466477 0.03062959607770229 0.07400007455747395
0 0.13873405282253387 0.29479377527515466 0.03243133702344947 0.07480442319396823
0 0.0761235549578189 0.2690546189073376 0.02972872560482869 0.07963051501293396
0 0.1099061976905788 0.27951115118176323 0.03062959607770228 0.06836963410201402
0 0.028602637513736696 0.3243471453448024 0.03558438367850708 0.06273919364655402
0 0.007432181401207173 0.3196551095863548 0.014864362802414346 0.06300730576759012
0 0.013963492329540748 0.38587981603661503 0.02072002087609272 0.06836963410201399
0 0.037611342242472666 0.4031733117212422 0.0247739380040239 0.08365225819540541
0 0.06396180357402537 0.41081462376793787 0.039638300806438265 0.06836963410201406
0 0.10450097485333718 0.4289124680890593 0.02792698465908151 0.07239137728448547
0 0.05990788644609418 0.3368145492104639 0.025224373240460708 0.07319572592097973
0 0.08670878301408369 0.35048847603086664 0.026575678949771104 0.07641312046695678
0 0.11373489720029159 0.3549123935315852 0.02657567894977113 0.08043486364942833
0 0.17316024904369504 0.3915484734696555 0.03670678090327174 0.09832173456233505
0 0.18672579850794763 0.4642210598852944 0.025535151932710783 0.07267258641563892
0 0.18792275875479345 0.25689044569950087 0.03271691341378571 0.08549716048898702
0 0.21704879142804168 0.2661526380858078 0.02393920493691635 0.09832173456233509
0 0.2457758373523413 0.28610197553323813 0.04468651588224386 0.09262192386306928
0 0.2006903347211488 0.33526284281440566 0.043888542384346675 0.04844839094375935
0 0.22622548665385964 0.3865611391077979 0.029525019422196833 0.07694744444008833
0 0.21305892393855608 0.40864790556745334 0.03830272789906511 0.09262192386307035
0 0.3307600148783944 0.3188758870540165 0.04069664839275777 0.08977201851343644
0 0.29285627372827683 0.3694617070100004 0.04309056888644946 0.09404687653788571
0 0.270513015787156 0.4991324004182994 0.02553515193270851 0.0797973497897252
0 0.2354021818796781 0.4863078263449504 0.03191893991588925 0.08549716048898545
0 0.36746679578166613 0.3480874168877537 0.04229259538855217 0.0826472551393541
0 0.3291640678826 0.402948094868187 0.03750475440116901 0.08122230246453768
0 0.2996390484604031 0.45424639116157933 0.03910070139696341 0.08977201851343629
0 0.3299620413804972 0.551855649386506 0.048676383371729914 0.08834706583861994
0 0.38422423923750754 0.4278847666774749 0.05506017135490758 0.0626979176919238
0 0.3515073258237219 0.4855953500075411 0.03271691341378571 0.0840722078141706
0 0.37305261026694664 0.5682426051468953 0.03431286040958014 0.09262192386306928
0 0.4093604044212698 0.5832046082324679 0.04468651588224382 0.0826472551393541
0 0.39938573569755464 0.4969949714060728 0.03910070139696344 0.06982268106600607
0 0.4181381128981391 0.3552121802618359 0.0478784098738327 0.09974668723715151
0 0.47359727100199533 0.3651868489855511 0.05027233036752428 0.09974668723715151
0 0.4412793443371584 0.44498419877527234 0.05585814485280487 0.07409753909045534
0 0.4903547144578368 0.4485465804623134 0.03910070139696344 0.09262192386306921
0 0.4500570528140275 0.5212191668779524 0.03989867489486066 0.08977201851343636
0 0.4787840987383272 0.6060038510295311 0.051070303865421704 0.06839772839118971
0 0.5087081049094727 0.5364186584521525 0.045484489380141185 0.08027232676697593
0 0.2643619572418525 0.42839539334438487 0.02822369650268893 0.04367953030178036
0 0.5851713074890829 0.5342342552294681 0.06397371207276152 0.12095869929723811
0 0.7413424281372946 0.828231093799144 0.0451579144043022 0.12431866316660589
0 0.6933621440827236 0.755991870607738 0.06585529183960745 0.134398554774709
0 0.6453818600281526 0.6988724848284866 0.06021055253906958 0.10079891608103182
0 0.6086910545746569 0.6299932255064483 0.05832897277222372 0.11087880768913493
0 0.5362632162015508 0.6165729499946648 0.048895108637069286 0.10419803988177492
0 0.4910923191467866 0.7005524667631705 0.06021055253906958 0.07727916899545761
0 0.5541252413361251 0.7139923222406415 0.06585529183960738 0.09743895221166411
0 0.6228029028260014 0.7643917802811573 0.048921073937994136 0.07055924125672221
0 0.011606887242141251 0.6491593760121543 0.023213774484282503 0.09629224992152004
0 0.014145893826359652 0.7489060632493058 0.028291787652719304 0.08247454019181646
0 0.018861191768479536 0.9483994377236084 0.03772238353695907 0.07211124801133309
0 0.022488344031648677 0.8406643827250696 0.03191893991588844 0.09326962962434933
0 0.07907191933708729 0.5861160185419496 0.04787840987383267 0.04793022633473498
0 0.03953595966854364 0.6690223559858157 0.031193509463254623 0.09197421810178888
0 0.07399390616865048 0.6903966461080625 0.0362715226316914 0.10363292180483263
0 0.052230992589635636 0.7804277469260107 0.03917324444222672 0.09456504114690972
0 0.08523807818447483 0.8076313888997794 0.03699695308432526 0.08420174896642649
0 0.06166158847387541 0.8633340843698768 0.04207496625276203 0.08938339505666817
0 0.04969198600541724 0.9773302983551928 0.032644370368522274 0.04533940328961449
0 0.10700099176348968 0.8989579012402881 0.039898674894860556 0.08808798353410766
0 0.12296046172143388 0.965023888890868 0.041349535800128207 0.06995222221826214
0 0.12223503126880006 0.7350883436363964 0.04280039670539587 0.10233751028227217
0 0.1741033086321188 0.6521820061925303 0.04497668806329735 0.09974668723715141
0 0.21980542714804996 0.6826241769727001 0.04207496625276203 0.09845127571459102
0 0.1893373481374292 0.7564626337586432 0.05223099258963565 0.09326962962434933
0 0.1566929777689069 0.8290056790220259 0.044976688063297396 0.07254304526338302
0 0.16322185184261137 0.9378202469171002 0.05948529711597392 0.09067880657922842
0 0.20348324196378884 0.8426075000089103 0.04280039670539587 0.050521049379855895
0 0.23866661891652952 0.7894956275839337 0.04497668806329738 0.09715586419203064
0 0.2647821152113473 0.7486901646232808 0.04497668806329731 0.1088145678950741
0 0.3072197966904254 0.7998589197644118 0.050054701231733306 0.07902010287618338
0 0.2607922477218601 0.8801744341631585 0.03989867489486144 0.08679257201154332
0 0.35618635224320966 0.8322442078284271 0.04207496625276207 0.10751915637251372
0 0.4080546296065284 0.9740917695487917 0.048603840326466495 0.05181646090241642
0 0.3808509876327591 0.91061660494333 0.03917324444222536 0.10104209875971519
0 0.31628767734834917 0.9132074279884526 0.04642754896856502 0.08549716048898674
0 0.2611549629481782 0.9753871810713521 0.058034436210706274 0.04922563785729579
0 0.14111848251344433 0.446663785430449 0.022578957202151084 0.07055924125672214
