0 0.0328079759737714 0.9003609618574352 0.04374396796502854 0.0510346292925334
0 0.07715949904942533 0.886387194313051 0.06683106216879361 0.07898216438130162
0 0.064400841726292 0.9611164729199747 0.06075551106253961 0.06318573150504136
0 0.1652549900901078 0.8955005209724319 0.08748793593005705 0.09720881770006344
0 0.12394124256758082 0.9550409218137207 0.07776705416005072 0.06561595194754276
0 0.22054250515701884 0.9374218236055843 0.06440084172629199 0.06683106216879367
0 0.26550158334329815 0.8499338876755271 0.09599370747881263 0.10328436880631742
0 0.2733997997814283 0.9726600200218573 0.087487935930057 0.04495907818627913
0 0.3341553108439679 0.9355991582737082 0.05832529062003797 0.07047639283254611
0 0.37060861748149165 0.8608698796667844 0.07047639283254604 0.08870304615130806
0 0.3961259321277584 0.9513955911499684 0.058325290620038 0.08748793593005687
0 0.4817912027259392 0.8948929658618066 0.09113326659380952 0.07169150305379673
0 0.5018405213765773 0.9605089178093493 0.08019727460255233 0.059540400841288914
0 0.5704942488772459 0.8225940172686771 0.0789821643813014 0.08748771678747501
0 0.6142382168422756 0.8967156311936827 0.0692612826112952 0.07290661327504737
0 0.6610199603604311 0.9617240280306002 0.060755511062539756 0.07169150305379673
0 0.7217754714229707 0.8122654708167526 0.09720881770006329 0.10085414836381573
0 0.7023337078829581 0.9021836271893113 0.09234837681506022 0.0838426052663047
0 0.8183771031364548 0.9003609618574356 0.07655268218689407 0.08262749504505401
0 0.9253064334824785 0.9471427053755906 0.07898216438130135 0.07412172349629827
0 0.9817912027259392 0.9350960266977214 0.0364175945481216 0.0937723341055883
