0 0.1124879244453221 0.815219713015009 0.030843463154362514 0.04082223064547975
0 0.14514570896170592 0.8297342839111796 0.018143213620213226 0.033564945197394704
0 0.3583284689992115 0.8750923179617128 0.041729391326490416 0.04082223064547975
0 0.472630714806555 0.8950498529439475 0.05624396222266114 0.033564945197394565
0 0.32340278278030105 0.8610313274060474 0.02812198111133057 0.041729391326490485
0 0.18778226096920705 0.8646599701300901 0.030843463154362497 0.038100748602447825
0 0.16328892258191918 0.8478774975313929 0.029029141792341184 0.02812198111133043
0 0.22996523263620283 0.8451560154883608 0.03719358792143712 0.04807951609356522
0 0.265798079536124 0.8478774975313929 0.030843463154362462 0.04263655200750108
0 0.30027018541452916 0.8533204616174568 0.03265778451638379 0.04989383745558655
