0 0.07261488111524504 0.383285562131598 0.13556195965417867 0.24783861671469737
0 0.21867435158501433 0.4063398954256763 0.13072046109510085 0.2420734356107463
0 0.36068119640377894 0.4207496039613274 0.1436311239193084 0.23631123919308344
0 0.711700288184438 0.7463976945244956 0.14847262247838613 0.21325648414985587
0 0.5527377521613832 0.6945244956772334 0.15008645533141213 0.2536023054755044
0 0.4187924743368262 0.6570606485009575 0.12749279538904892 0.23054755043227665
0 0.2856550625976476 0.6109513330679556 0.14524495677233426 0.22478386167146971
0 0.15332741626157761 0.5864554611810727 0.14201729106628241 0.21613832853025933
0 0.04438040345821325 0.5720461095100863 0.0887608069164265 0.18731988472622477
0 0.04338227285775396 0.9077809798270893 0.08030921430340417 0.18443804034582142
0 0.08391645938075293 0.7579254613530166 0.12265129682997117 0.18443804034582115
0 0.15796440542259543 0.9351585014409222 0.1222688684820785 0.12968299711815576
0 0.21141210374639768 0.7982708933717578 0.1420172910662824 0.2305475504322766
0 0.33971181556195956 0.8213256484149855 0.15331412103746397 0.21325648414985593
0 0.2735446685878962 0.9481268011527377 0.13394812680115276 0.10374639769452446
0 0.4016531662295118 0.9711815561959654 0.10290287424576725 0.05763688760806929
0 0.4704322766570604 0.8487031700288183 0.1339481268011526 0.22190201729106632
0 0.5309510086455331 0.9755043227665703 0.10005763688760809 0.03746397694524504
0 0.6220874560453986 0.8919293758339686 0.14045189081538462 0.216141248332063
