0 0.274326364084707 0.48282097649186256 0.06683305187332805 0.07594936708860764
0 0.45306592142035174 0.4502712477396022 0.07615859399518776 0.0867992766726944
0 0.4095467248516731 0.2260397830018083 0.06061602379208814 0.06148282097649187
0 0.4048839537907432 0.11030741410488246 0.0388564255077489 0.06509945750452079
0 0.4491802788695769 0.048824593128390596 0.059061766771778254 0.03616636528028934
0 0.6006756517276095 0.0379746835443038 0.03263939742650898 0.0759493670886076
0 0.5136819452124399 0.10669077757685352 0.029530883385889054 0.05063291139240505
0 0.5059106601108903 0.16365280289330922 0.03885642550774882 0.04159132007233275
0 0.5276702583952296 0.21066907775768534 0.041964939548368746 0.05244122965641953
0 0.45928294950159154 0.29475587703435807 0.0357479114671289 0.054249547920433974
0 0.5066877886210451 0.3905967450271248 0.052844738690538476 0.0578661844484629
0 0.5735208404943732 0.36980108499095843 0.052844738690538406 0.0632911392405063
0 0.6512336915098709 0.31193490054249545 0.03419365444681901 0.056057866184448454
0 0.6325826072661515 0.1690777576853526 0.04973622464991848 0.05967450271247739
0 0.6419081493880112 0.1283905967450271 0.04041068252805879 0.05786618444846292
0 0.7289465425253687 0.11301989150090415 0.04351919656867878 0.05967450271247739
0 0.8563956181907849 0.11844484629294755 0.052844738690538545 0.08137432188065098
0 0.85406423266032 0.1980108499095841 0.057507509751468434 0.056057866184448454
0 0.9763797767250011 0.20359120705244124 0.04724044654999787 0.05998530741410488
0 0.9418797543078326 0.06148282097649187 0.04662771060929856 0.06871609403254973
0 0.9107946139016334 0.3408679927667269 0.04041068252805886 0.056057866184448496
0 0.9721877662038767 0.31464737793851716 0.054398995710848365 0.08318264014466546
0 0.9810425477859309 0.40793117088607594 0.0379149044281381 0.0636019439421338
0 0.6854273459566901 0.3426763110307414 0.03419365444681901 0.06329113924050635
0 0.7514832693198631 0.3462929475587703 0.04818196762960866 0.056057866184448496
0 0.8128764216221063 0.38065099457504514 0.046627710609298705 0.06690777576853528
0 0.8750467024345043 0.40687160940325495 0.04662771060929856 0.06148282097649187
0 0.888257887107139 0.4611211573236889 0.041964939548368815 0.0578661844484629
0 0.6551193340606458 0.41139240506329117 0.06061602379208828 0.056057866184448454
0 0.6333597357763066 0.5 0.05129048167022859 0.0669077757685352
0 0.6900901170176198 0.47739602169981915 0.04041068252805871 0.057866184448462976
0 0.6792103178754502 0.5443037974683544 0.03419365444681901 0.0433996383363472
0 0.7429348557081582 0.6012658227848101 0.046627710609298705 0.056057866184448385
0 0.7701343535635826 0.5470162748643762 0.03885642550774875 0.05605786618444853
0 0.8618131744507757 0.4990956692225126 0.029530883385889127 0.03978300180831823
0 0.8245333492744308 0.5280289330922243 0.03885642550774875 0.07233273056057875
0 0.9519824249398471 0.5081374321880651 0.048181967629608524 0.05063291139240505
0 0.9006919432696187 0.535262206148282 0.026422369345269203 0.05424954792043401
0 0.9512052964296922 0.5886075949367089 0.04351919656867878 0.056057866184448385
0 0.8820408590258992 0.620253164556962 0.05129048167022845 0.05786618444846283
0 0.9411026257976775 0.6365280289330922 0.05129048167022859 0.054249547920434085
0 0.8462920165874747 0.6916817531500814 0.04507345358898874 0.0632911392405063
0 0.8835951160462092 0.6862567811934901 0.0388564255077489 0.0488245931283906
0 0.9379941117570576 0.7242314647377939 0.041964939548368815 0.0669077757685352
0 0.8571727467009399 0.7414104882459313 0.0450734535889886 0.054249547920434085
0 0.888257887107139 0.8146473779385173 0.05750750975146829 0.0488245931283906
0 0.9709398771539162 0.8410233951175407 0.0581202456921676 0.06541026220614839
0 0.9714106376937217 0.906871609403255 0.052844738690538406 0.07052441229656424
0 0.8812637305157444 0.8616636528028934 0.06838730889363788 0.052441229656419494
0 0.6931986310582396 0.8770343580470162 0.03730216848743893 0.06871609403254979
0 0.6481205226127733 0.8462928789005782 0.043519196568678635 0.07233273056057868
0 0.580514997085768 0.7983725135623871 0.04818196762960873 0.052441229656419494
0 0.50901917415151 0.8037974683544304 0.03885642550774882 0.0632911392405063
0 0.4616143350320565 0.7133815551537072 0.06838730889363802 0.056057866184448385
0 0.5859548966568529 0.7233273056057865 0.05595325273115833 0.06148282097649187
0 0.6123772660021222 0.6573236889692586 0.043519196568678635 0.06329113924050639
0 0.5447670856186391 0.5669077757685352 0.041964939548368746 0.07775768535262209
0 0.6535650770403358 0.7658227848101266 0.0388564255077489 0.05967450271247742
0 0.7273922855050589 0.7531645569620252 0.05906176677177839 0.06690777576853535
0 0.5572011417811187 0.8481012658227849 0.035747911467128975 0.04701627486437601
0 0.6232319289193111 0.9367093070377418 0.04041068252805879 0.04339963833634727
0 0.38157009848609386 0.9737793851717902 0.0388564255077489 0.0488245931283906
0 0.5424458268543435 0.9792043399638337 0.0497564781822571 0.041591320072332676
0 0.5906176677177828 0.9484629294755876 0.03730216848743893 0.052441229656419494
0 0.6170501638292213 0.9792043399638337 0.05904151323943971 0.041591320072332676
0 0.6574507195911107 0.926763110307414 0.04351919656867878 0.056057866184448385
0 0.5774064830451482 0.8905967450271248 0.029530883385888985 0.03797468354430393
0 0.5097963026616651 0.03164556962025317 0.04662771060929863 0.048824593128390596
0 0.9714106376937217 0.906871609403255 0.052844738690538406 0.07052441229656424
0 0.9403254972875226 0.9629294755877034 0.046627710609298705 0.0632911392405063
0 0.8097679075814864 0.27757685352622063 0.04351919656867878 0.05967450271247739
0 0.9100174853914784 0.27848101265822783 0.041964939548368815 0.0578661844484629
